sector,okved2,year,pAIusage_s
"Растениеводство и животноводство, охота и предоставление соответствующих услуг в этих областях",01,2021.0,0.042704626334519574
"Растениеводство и животноводство, охота и предоставление соответствующих услуг в этих областях",01,2022.0,0.06658385093167701
"Растениеводство и животноводство, охота и предоставление соответствующих услуг в этих областях",01,2023.0,0.03128819359569787
"Растениеводство и животноводство, охота и предоставление соответствующих услуг в этих областях",01,2024.0,0.026147015293537246
Выращивание однолетних культур,01.1,2021.0,0.04092409240924092
Выращивание однолетних культур,01.1,2022.0,0.06566347469220246
Выращивание однолетних культур,01.1,2023.0,0.03087586641461878
Выращивание однолетних культур,01.1,2024.0,0.02631578947368421
"Выращивание зерновых (кроме риса), зернобобовых культур и семян масличных культур",01.11,2021.0,0.04129554655870445
"Выращивание зерновых (кроме риса), зернобобовых культур и семян масличных культур",01.11,2022.0,0.060453400503778336
"Выращивание зерновых (кроме риса), зернобобовых культур и семян масличных культур",01.11,2023.0,0.02980392156862745
"Выращивание зерновых (кроме риса), зернобобовых культур и семян масличных культур",01.11,2024.0,0.02186234817813765
Выращивание зерновых культур,01.11.1,2021.0,0.043434343434343436
Выращивание зерновых культур,01.11.1,2022.0,0.05531914893617021
Выращивание зерновых культур,01.11.1,2023.0,0.02553626149131767
Выращивание зерновых культур,01.11.1,2024.0,0.0200845665961945
Выращивание пшеницы,01.11.11,2021.0,0.031578947368421054
Выращивание пшеницы,01.11.11,2022.0,0.012658227848101266
Выращивание пшеницы,01.11.11,2023.0,
Выращивание пшеницы,01.11.11,2024.0,
Выращивание ячменя,01.11.12,2023.0,
Выращивание кукурузы,01.11.14,2021.0,
Выращивание кукурузы,01.11.14,2022.0,
Выращивание кукурузы,01.11.14,2023.0,
Выращивание кукурузы,01.11.14,2024.0,
Выращивание овса,01.11.15,2023.0,
Выращивание овса,01.11.15,2024.0,
Выращивание прочих зерновых культур,01.11.19,2021.0,0.3333333333333333
Выращивание прочих зерновых культур,01.11.19,2022.0,
Выращивание прочих зерновых культур,01.11.19,2023.0,
Выращивание прочих зерновых культур,01.11.19,2024.0,
Выращивание зернобобовых культур,01.11.2,2021.0,0.07142857142857142
Выращивание зернобобовых культур,01.11.2,2022.0,0.06060606060606061
Выращивание зернобобовых культур,01.11.2,2023.0,0.034482758620689655
Выращивание зернобобовых культур,01.11.2,2024.0,0.043478260869565216
Выращивание семян масличных культур,01.11.3,2021.0,0.028037383177570093
Выращивание семян масличных культур,01.11.3,2022.0,0.09558823529411764
Выращивание семян масличных культур,01.11.3,2023.0,0.07453416149068323
Выращивание семян масличных культур,01.11.3,2024.0,0.032679738562091505
Выращивание семян подсолнечника,01.11.31,2021.0,
Выращивание семян подсолнечника,01.11.31,2023.0,
Выращивание семян подсолнечника,01.11.31,2024.0,
Выращивание семян соевых бобов,01.11.33,2021.0,0.2
Выращивание семян соевых бобов,01.11.33,2022.0,0.3333333333333333
Выращивание семян соевых бобов,01.11.33,2023.0,
Выращивание семян соевых бобов,01.11.33,2024.0,
Выращивание риса,01.12,2021.0,
Выращивание риса,01.12,2022.0,
Выращивание риса,01.12,2023.0,0.08333333333333333
Выращивание риса,01.12,2024.0,0.09090909090909091
"Выращивание овощей, бахчевых, корнеплодных и клубнеплодных культур, грибов и трюфелей",01.13,2021.0,0.04954954954954955
"Выращивание овощей, бахчевых, корнеплодных и клубнеплодных культур, грибов и трюфелей",01.13,2022.0,0.0963302752293578
"Выращивание овощей, бахчевых, корнеплодных и клубнеплодных культур, грибов и трюфелей",01.13,2023.0,0.04
"Выращивание овощей, бахчевых, корнеплодных и клубнеплодных культур, грибов и трюфелей",01.13,2024.0,0.044444444444444446
Выращивание овощей,01.13.1,2021.0,0.072992700729927
Выращивание овощей,01.13.1,2022.0,0.1
Выращивание овощей,01.13.1,2023.0,0.05517241379310345
Выращивание овощей,01.13.1,2024.0,0.0625
Выращивание овощей открытого грунта,01.13.11,2021.0,1.0
Выращивание овощей открытого грунта,01.13.11,2022.0,
Выращивание овощей открытого грунта,01.13.11,2023.0,
Выращивание овощей открытого грунта,01.13.11,2024.0,
Выращивание овощей защищенного грунта,01.13.12,2021.0,0.09090909090909091
Выращивание овощей защищенного грунта,01.13.12,2022.0,0.25
Выращивание овощей защищенного грунта,01.13.12,2023.0,
Выращивание овощей защищенного грунта,01.13.12,2024.0,
Выращивание столовых корнеплодных и клубнеплодных культур с высоким содержанием крахмала или инулина,01.13.3,2021.0,0.023255813953488372
Выращивание столовых корнеплодных и клубнеплодных культур с высоким содержанием крахмала или инулина,01.13.3,2022.0,0.027777777777777776
Выращивание столовых корнеплодных и клубнеплодных культур с высоким содержанием крахмала или инулина,01.13.3,2023.0,0.030303030303030304
Выращивание столовых корнеплодных и клубнеплодных культур с высоким содержанием крахмала или инулина,01.13.3,2024.0,0.022727272727272728
Выращивание картофеля,01.13.31,2021.0,
Выращивание картофеля,01.13.31,2022.0,
Выращивание картофеля,01.13.31,2023.0,
Выращивание картофеля,01.13.31,2024.0,0.3333333333333333
Выращивание прочих столовых корнеплодных и клубнеплодных культур с высоким содержанием крахмала или инулина,01.13.39,2024.0,
"Выращивание семян овощных культур, за исключением семян сахарной свеклы",01.13.4,2021.0,
"Выращивание семян овощных культур, за исключением семян сахарной свеклы",01.13.4,2022.0,
"Выращивание семян овощных культур, за исключением семян сахарной свеклы",01.13.4,2023.0,
"Выращивание семян овощных культур, за исключением семян сахарной свеклы",01.13.4,2024.0,
Выращивание сахарной свеклы и семян сахарной свеклы,01.13.5,2021.0,
Выращивание сахарной свеклы и семян сахарной свеклы,01.13.5,2022.0,0.08
Выращивание сахарной свеклы и семян сахарной свеклы,01.13.5,2023.0,0.02564102564102564
Выращивание сахарной свеклы и семян сахарной свеклы,01.13.5,2024.0,0.034482758620689655
Выращивание сахарной свеклы,01.13.51,2021.0,
Выращивание сахарной свеклы,01.13.51,2022.0,1.0
Выращивание сахарной свеклы,01.13.51,2023.0,
Выращивание сахарной свеклы,01.13.51,2024.0,
Выращивание семян сахарной свеклы,01.13.52,2023.0,
Выращивание грибов и трюфелей,01.13.6,2021.0,
Выращивание грибов и трюфелей,01.13.6,2022.0,0.25
Выращивание грибов и трюфелей,01.13.6,2023.0,
Выращивание грибов и трюфелей,01.13.6,2024.0,
"Выращивание овощей, не включенных в другие группировки",01.13.9,2022.0,
"Выращивание овощей, не включенных в другие группировки",01.13.9,2023.0,
"Выращивание овощей, не включенных в другие группировки",01.13.9,2024.0,
Выращивание волокнистых прядильных культур,01.16,2021.0,
Выращивание волокнистых прядильных культур,01.16,2022.0,
Выращивание волокнистых прядильных культур,01.16,2023.0,
Выращивание волокнистых прядильных культур,01.16,2024.0,
Выращивание льна,01.16.2,2021.0,
Выращивание льна,01.16.2,2022.0,
Выращивание льна,01.16.2,2023.0,
Выращивание обыкновенной конопли,01.16.3,2023.0,
Выращивание обыкновенной конопли,01.16.3,2024.0,
Выращивание прочих однолетних культур,01.19,2021.0,
Выращивание прочих однолетних культур,01.19,2022.0,0.08333333333333333
Выращивание прочих однолетних культур,01.19,2023.0,
Выращивание прочих однолетних культур,01.19,2024.0,0.02631578947368421
Выращивание однолетних кормовых культур,01.19.1,2021.0,
Выращивание однолетних кормовых культур,01.19.1,2022.0,
Выращивание однолетних кормовых культур,01.19.1,2023.0,
Выращивание однолетних кормовых культур,01.19.1,2024.0,
Цветоводство,01.19.2,2021.0,
Цветоводство,01.19.2,2022.0,0.13636363636363635
Цветоводство,01.19.2,2023.0,
Цветоводство,01.19.2,2024.0,
Выращивание цветов в открытом и защищенном грунте,01.19.21,2021.0,
Выращивание цветов в открытом и защищенном грунте,01.19.21,2022.0,
Выращивание цветов в открытом и защищенном грунте,01.19.21,2023.0,
Выращивание цветов в открытом и защищенном грунте,01.19.21,2024.0,
Выращивание семян свеклы (кроме семян сахарной свеклы) и семян кормовых культур,01.19.3,2023.0,
"Выращивание прочих однолетних культур, не включенных в другие группировки",01.19.9,2021.0,
"Выращивание прочих однолетних культур, не включенных в другие группировки",01.19.9,2022.0,
"Выращивание прочих однолетних культур, не включенных в другие группировки",01.19.9,2023.0,
"Выращивание прочих однолетних культур, не включенных в другие группировки",01.19.9,2024.0,
Выращивание многолетних культур,01.2,2021.0,0.06896551724137931
Выращивание многолетних культур,01.2,2022.0,0.12844036697247707
Выращивание многолетних культур,01.2,2023.0,0.0594059405940594
Выращивание многолетних культур,01.2,2024.0,0.05128205128205128
Выращивание винограда,01.21,2021.0,0.0851063829787234
Выращивание винограда,01.21,2022.0,0.175
Выращивание винограда,01.21,2023.0,
Выращивание винограда,01.21,2024.0,0.02040816326530612
Выращивание тропических и субтропических культур,01.22,2021.0,
Выращивание тропических и субтропических культур,01.22,2022.0,
Выращивание цитрусовых культур,01.23,2023.0,
Выращивание семечковых и косточковых культур,01.24,2021.0,0.027777777777777776
Выращивание семечковых и косточковых культур,01.24,2022.0,0.10810810810810811
Выращивание семечковых и косточковых культур,01.24,2023.0,0.1111111111111111
Выращивание семечковых и косточковых культур,01.24,2024.0,0.1111111111111111
"Выращивание прочих плодовых деревьев, кустарников и орехов",01.25,2021.0,0.04
"Выращивание прочих плодовых деревьев, кустарников и орехов",01.25,2022.0,0.08333333333333333
"Выращивание прочих плодовых деревьев, кустарников и орехов",01.25,2023.0,0.09090909090909091
"Выращивание прочих плодовых деревьев, кустарников и орехов",01.25,2024.0,0.043478260869565216
Выращивание прочих плодовых и ягодных культур,01.25.1,2021.0,0.045454545454545456
Выращивание прочих плодовых и ягодных культур,01.25.1,2022.0,0.09090909090909091
Выращивание прочих плодовых и ягодных культур,01.25.1,2023.0,0.1
Выращивание прочих плодовых и ягодных культур,01.25.1,2024.0,0.05
Выращивание семян плодовых и ягодных культур,01.25.2,2021.0,
Выращивание семян плодовых и ягодных культур,01.25.2,2022.0,
Выращивание семян плодовых и ягодных культур,01.25.2,2023.0,
Выращивание семян плодовых и ягодных культур,01.25.2,2024.0,
Выращивание орехоплодных культур,01.25.3,2021.0,
Выращивание орехоплодных культур,01.25.3,2023.0,
Выращивание плодов масличных культур,01.26,2021.0,
Выращивание плодов масличных культур,01.26,2022.0,
Выращивание плодов масличных культур,01.26,2024.0,
Выращивание культур для производства напитков,01.27,2021.0,
Выращивание культур для производства напитков,01.27,2022.0,
Выращивание культур для производства напитков,01.27,2023.0,
Выращивание чая,01.27.1,2021.0,
"Выращивание специй, пряно-ароматических, эфиромасличных и лекарственных культур",01.28,2021.0,
"Выращивание специй, пряно-ароматических, эфиромасличных и лекарственных культур",01.28,2022.0,
"Выращивание специй, пряно-ароматических, эфиромасличных и лекарственных культур",01.28,2023.0,
"Выращивание специй, пряно-ароматических, эфиромасличных и лекарственных культур",01.28,2024.0,
Выращивание хмеля,01.28.2,2024.0,
"Выращивание растений, используемых в основном в парфюмерии, фармации или в качестве инсектицидов, фунгицидов и для аналогичных целей",01.28.3,2023.0,
Выращивание прочих многолетних культур,01.29,2021.0,0.6666666666666666
Выращивание прочих многолетних культур,01.29,2022.0,0.2
Выращивание прочих многолетних культур,01.29,2023.0,
Выращивание прочих многолетних культур,01.29,2024.0,
Выращивание рассады,01.30,2021.0,
Выращивание рассады,01.30,2022.0,
Выращивание рассады,01.30,2023.0,
Выращивание рассады,01.30,2024.0,
Животноводство,01.4,2021.0,0.04623004953219593
Животноводство,01.4,2022.0,0.06783625730994151
Животноводство,01.4,2023.0,0.03564954682779456
Животноводство,01.4,2024.0,0.02736318407960199
"Разведение молочного крупного рогатого скота, производство сырого молока",01.41,2021.0,0.035326086956521736
"Разведение молочного крупного рогатого скота, производство сырого молока",01.41,2022.0,0.06869479882237488
"Разведение молочного крупного рогатого скота, производство сырого молока",01.41,2023.0,0.034482758620689655
"Разведение молочного крупного рогатого скота, производство сырого молока",01.41,2024.0,0.018027571580063628
Разведение молочного крупного рогатого скота,01.41.1,2021.0,0.04428904428904429
Разведение молочного крупного рогатого скота,01.41.1,2022.0,0.08157894736842106
Разведение молочного крупного рогатого скота,01.41.1,2023.0,0.04594594594594595
Разведение молочного крупного рогатого скота,01.41.1,2024.0,0.02359882005899705
"Разведение молочного крупного рогатого скота, кроме племенного",01.41.11,2021.0,0.04498269896193772
"Разведение молочного крупного рогатого скота, кроме племенного",01.41.11,2022.0,0.07630522088353414
"Разведение молочного крупного рогатого скота, кроме племенного",01.41.11,2023.0,0.038135593220338986
"Разведение молочного крупного рогатого скота, кроме племенного",01.41.11,2024.0,0.014285714285714285
Разведение племенного молочного крупного рогатого скота,01.41.12,2021.0,0.04477611940298507
Разведение племенного молочного крупного рогатого скота,01.41.12,2022.0,0.09375
Разведение племенного молочного крупного рогатого скота,01.41.12,2023.0,0.06201550387596899
Разведение племенного молочного крупного рогатого скота,01.41.12,2024.0,0.04065040650406504
"Производство сырого коровьего молока и сырого молока прочего крупного рогатого скота (буйволов, яков и др.)",01.41.2,2021.0,0.03304347826086956
"Производство сырого коровьего молока и сырого молока прочего крупного рогатого скота (буйволов, яков и др.)",01.41.2,2022.0,0.05575539568345324
"Производство сырого коровьего молока и сырого молока прочего крупного рогатого скота (буйволов, яков и др.)",01.41.2,2023.0,0.027237354085603113
"Производство сырого коровьего молока и сырого молока прочего крупного рогатого скота (буйволов, яков и др.)",01.41.2,2024.0,0.011834319526627219
Производство сырого коровьего молока,01.41.21,2021.0,0.033628318584070796
Производство сырого коровьего молока,01.41.21,2022.0,0.05615942028985507
Производство сырого коровьего молока,01.41.21,2023.0,0.027559055118110236
Производство сырого коровьего молока,01.41.21,2024.0,0.01002004008016032
"Производство сырого молока прочего крупного рогатого скота (буйволов, яков и др.)",01.41.29,2021.0,
"Производство сырого молока прочего крупного рогатого скота (буйволов, яков и др.)",01.41.29,2022.0,
"Производство сырого молока прочего крупного рогатого скота (буйволов, яков и др.)",01.41.29,2023.0,
"Производство сырого молока прочего крупного рогатого скота (буйволов, яков и др.)",01.41.29,2024.0,0.125
"Разведение прочих пород крупного рогатого скота и буйволов, производство спермы",01.42,2021.0,0.2676056338028169
"Разведение прочих пород крупного рогатого скота и буйволов, производство спермы",01.42,2022.0,0.08333333333333333
"Разведение прочих пород крупного рогатого скота и буйволов, производство спермы",01.42,2023.0,0.03636363636363636
"Разведение прочих пород крупного рогатого скота и буйволов, производство спермы",01.42,2024.0,0.05357142857142857
"Разведение мясного и прочего крупного рогатого скота, включая буйволов, яков и др.",01.42.1,2021.0,0.41304347826086957
"Разведение мясного и прочего крупного рогатого скота, включая буйволов, яков и др.",01.42.1,2022.0,0.12903225806451613
"Разведение мясного и прочего крупного рогатого скота, включая буйволов, яков и др.",01.42.1,2023.0,0.07692307692307693
"Разведение мясного и прочего крупного рогатого скота, включая буйволов, яков и др.",01.42.1,2024.0,0.07407407407407407
"Разведение мясного и прочего крупного рогатого скота, включая буйволов, яков и др., на мясо",01.42.11,2021.0,0.3103448275862069
"Разведение мясного и прочего крупного рогатого скота, включая буйволов, яков и др., на мясо",01.42.11,2022.0,0.1
"Разведение мясного и прочего крупного рогатого скота, включая буйволов, яков и др., на мясо",01.42.11,2023.0,0.05263157894736842
"Разведение мясного и прочего крупного рогатого скота, включая буйволов, яков и др., на мясо",01.42.11,2024.0,0.058823529411764705
"Разведение племенного мясного и прочего крупного рогатого скота, включая буйволов, яков и др.",01.42.12,2021.0,0.125
"Разведение племенного мясного и прочего крупного рогатого скота, включая буйволов, яков и др.",01.42.12,2022.0,
"Разведение племенного мясного и прочего крупного рогатого скота, включая буйволов, яков и др.",01.42.12,2023.0,
"Разведение племенного мясного и прочего крупного рогатого скота, включая буйволов, яков и др.",01.42.12,2024.0,
"Производство бычьей спермы, а также спермы буйволов, яков и др.",01.42.2,2021.0,
"Производство бычьей спермы, а также спермы буйволов, яков и др.",01.42.2,2022.0,0.037037037037037035
"Производство бычьей спермы, а также спермы буйволов, яков и др.",01.42.2,2023.0,
"Производство бычьей спермы, а также спермы буйволов, яков и др.",01.42.2,2024.0,0.03571428571428571
Разведение лошадей и прочих животных семейства лошадиных отряда непарнокопытных,01.43,2021.0,0.04
Разведение лошадей и прочих животных семейства лошадиных отряда непарнокопытных,01.43,2022.0,0.058823529411764705
Разведение лошадей и прочих животных семейства лошадиных отряда непарнокопытных,01.43,2023.0,0.05
Разведение лошадей и прочих животных семейства лошадиных отряда непарнокопытных,01.43,2024.0,
"Разведение лошадей, ослов, мулов, лошаков",01.43.1,2021.0,0.043478260869565216
"Разведение лошадей, ослов, мулов, лошаков",01.43.1,2022.0,0.06666666666666667
"Разведение лошадей, ослов, мулов, лошаков",01.43.1,2023.0,0.05555555555555555
"Разведение лошадей, ослов, мулов, лошаков",01.43.1,2024.0,
Разведение верблюдов и прочих животных семейства верблюжьих,01.44,2021.0,
Разведение верблюдов и прочих животных семейства верблюжьих,01.44,2023.0,
Разведение овец и коз,01.45,2021.0,0.05555555555555555
Разведение овец и коз,01.45,2023.0,0.07407407407407407
Разведение овец и коз,01.45,2024.0,0.037037037037037035
Разведение овец и коз,01.45.1,2021.0,0.030303030303030304
Разведение овец и коз,01.45.1,2022.0,0.043478260869565216
Разведение овец и коз,01.45.1,2023.0,0.09523809523809523
Разведение овец и коз,01.45.1,2024.0,
Производство сырого овечьего и козьего молока,01.45.2,2023.0,
Производство сырой (немытой) шерсти и волоса козы,01.45.3,2022.0,
Производство сырой (немытой) шерсти и волоса козы,01.45.3,2023.0,
Производство сырой (немытой) шерсти и волоса козы,01.45.3,2024.0,
Разведение племенных овец и коз,01.45.4,2021.0,
Разведение племенных овец и коз,01.45.4,2022.0,
Разведение племенных овец и коз,01.45.4,2023.0,
Разведение племенных овец и коз,01.45.4,2024.0,0.3333333333333333
Разведение свиней,01.46,2021.0,0.04854368932038835
Разведение свиней,01.46,2022.0,0.1111111111111111
Разведение свиней,01.46,2023.0,0.06770833333333333
Разведение свиней,01.46,2024.0,0.08376963350785341
Выращивание и разведение свиней,01.46.1,2021.0,0.05113636363636364
Выращивание и разведение свиней,01.46.1,2022.0,0.12209302325581395
Выращивание и разведение свиней,01.46.1,2023.0,0.0736196319018405
Выращивание и разведение свиней,01.46.1,2024.0,0.08823529411764706
Выращивание свиней на мясо,01.46.11,2021.0,0.046511627906976744
Выращивание свиней на мясо,01.46.11,2022.0,0.11834319526627218
Выращивание свиней на мясо,01.46.11,2023.0,0.075
Выращивание свиней на мясо,01.46.11,2024.0,0.08982035928143713
Разведение племенного поголовья свиней,01.46.12,2021.0,
Разведение племенного поголовья свиней,01.46.12,2022.0,
Разведение племенного поголовья свиней,01.46.12,2023.0,
Разведение племенного поголовья свиней,01.46.12,2024.0,
Разведение сельскохозяйственной птицы,01.47,2021.0,0.026845637583892617
Разведение сельскохозяйственной птицы,01.47,2022.0,0.04792332268370607
Разведение сельскохозяйственной птицы,01.47,2023.0,0.020134228187919462
Разведение сельскохозяйственной птицы,01.47,2024.0,0.023890784982935155
"Выращивание и разведение сельскохозяйственной птицы: кур, индеек, уток, гусей и цесарок",01.47.1,2021.0,0.043859649122807015
"Выращивание и разведение сельскохозяйственной птицы: кур, индеек, уток, гусей и цесарок",01.47.1,2022.0,0.02564102564102564
"Выращивание и разведение сельскохозяйственной птицы: кур, индеек, уток, гусей и цесарок",01.47.1,2023.0,0.017543859649122806
"Выращивание и разведение сельскохозяйственной птицы: кур, индеек, уток, гусей и цесарок",01.47.1,2024.0,
Выращивание сельскохозяйственной птицы на мясо,01.47.11,2021.0,0.034482758620689655
Выращивание сельскохозяйственной птицы на мясо,01.47.11,2022.0,0.03296703296703297
Выращивание сельскохозяйственной птицы на мясо,01.47.11,2023.0,0.022727272727272728
Выращивание сельскохозяйственной птицы на мясо,01.47.11,2024.0,
Разведение племенной сельскохозяйственной птицы,01.47.12,2021.0,0.047619047619047616
Разведение племенной сельскохозяйственной птицы,01.47.12,2022.0,
Разведение племенной сельскохозяйственной птицы,01.47.12,2023.0,
Разведение племенной сельскохозяйственной птицы,01.47.12,2024.0,
Производство яиц сельскохозяйственной птицы,01.47.2,2021.0,
Производство яиц сельскохозяйственной птицы,01.47.2,2022.0,0.06557377049180328
Производство яиц сельскохозяйственной птицы,01.47.2,2023.0,0.03305785123966942
Производство яиц сельскохозяйственной птицы,01.47.2,2024.0,0.04201680672268908
Деятельность инкубаторов для птицеводства,01.47.3,2021.0,
Деятельность инкубаторов для птицеводства,01.47.3,2022.0,
Деятельность инкубаторов для птицеводства,01.47.3,2023.0,
Деятельность инкубаторов для птицеводства,01.47.3,2024.0,
Разведение прочих животных,01.49,2021.0,0.06578947368421052
Разведение прочих животных,01.49,2022.0,0.014084507042253521
Разведение прочих животных,01.49,2023.0,0.013157894736842105
Разведение прочих животных,01.49,2024.0,
Пчеловодство,01.49.1,2021.0,
Пчеловодство,01.49.1,2022.0,
Пчеловодство,01.49.1,2024.0,
Пчеловодство медового направления,01.49.11,2021.0,
Пчеловодство медового направления,01.49.11,2022.0,
Пчеловодство медового направления,01.49.11,2024.0,
Пчеловодство опылительного направления,01.49.12,2021.0,
Разведение кроликов и прочих пушных зверей на фермах,01.49.2,2021.0,
Разведение кроликов и прочих пушных зверей на фермах,01.49.2,2022.0,0.08333333333333333
Разведение кроликов и прочих пушных зверей на фермах,01.49.2,2023.0,
Разведение кроликов и прочих пушных зверей на фермах,01.49.2,2024.0,
"Разведение кроликов, производство тонкого волоса кроликов на фермах",01.49.21,2021.0,
"Разведение кроликов, производство тонкого волоса кроликов на фермах",01.49.21,2022.0,
"Разведение кроликов, производство тонкого волоса кроликов на фермах",01.49.21,2023.0,
"Разведение кроликов, производство тонкого волоса кроликов на фермах",01.49.21,2024.0,
Разведение прочих пушных зверей на фермах,01.49.22,2021.0,
Разведение прочих пушных зверей на фермах,01.49.22,2022.0,0.1
Разведение прочих пушных зверей на фермах,01.49.22,2023.0,
Разведение прочих пушных зверей на фермах,01.49.22,2024.0,
Разведение шелкопряда,01.49.3,2021.0,
Разведение шелкопряда,01.49.3,2022.0,
Разведение шелкопряда,01.49.3,2024.0,
Разведение оленей,01.49.4,2021.0,0.06896551724137931
Разведение оленей,01.49.4,2022.0,
Разведение оленей,01.49.4,2023.0,0.017543859649122806
Разведение оленей,01.49.4,2024.0,
Разведение домашних северных оленей,01.49.41,2021.0,0.09090909090909091
Разведение домашних северных оленей,01.49.41,2022.0,
Разведение домашних северных оленей,01.49.41,2023.0,
Разведение домашних северных оленей,01.49.41,2024.0,
"Разведение благородных оленей (европейских, кавказских, маралов, изюбрей)",01.49.43,2021.0,
"Разведение благородных оленей (европейских, кавказских, маралов, изюбрей)",01.49.43,2022.0,
"Разведение благородных оленей (европейских, кавказских, маралов, изюбрей)",01.49.43,2023.0,
"Разведение благородных оленей (европейских, кавказских, маралов, изюбрей)",01.49.43,2024.0,
"Производство пантов северных оленей, пятнистых оленей, благородных оленей (европейских, кавказских, маралов, изюбрей), ланей",01.49.44,2021.0,
"Производство пантов северных оленей, пятнистых оленей, благородных оленей (европейских, кавказских, маралов, изюбрей), ланей",01.49.44,2022.0,
"Производство пантов северных оленей, пятнистых оленей, благородных оленей (европейских, кавказских, маралов, изюбрей), ланей",01.49.44,2023.0,
Разведение домашних животных,01.49.5,2021.0,
Разведение домашних животных,01.49.5,2022.0,
Разведение домашних животных,01.49.5,2023.0,
Разведение домашних животных,01.49.5,2024.0,
Разведение лабораторных животных,01.49.6,2021.0,
Разведение лабораторных животных,01.49.6,2022.0,
Разведение лабораторных животных,01.49.6,2023.0,
Разведение лабораторных животных,01.49.6,2024.0,
"Разведение прочих животных, не включенных в другие группировки",01.49.9,2021.0,0.3333333333333333
"Разведение прочих животных, не включенных в другие группировки",01.49.9,2022.0,
"Разведение прочих животных, не включенных в другие группировки",01.49.9,2023.0,
"Разведение прочих животных, не включенных в другие группировки",01.49.9,2024.0,
Смешанное сельское хозяйство,01.50,2021.0,0.045454545454545456
Смешанное сельское хозяйство,01.50,2022.0,0.08163265306122448
Смешанное сельское хозяйство,01.50,2023.0,0.052083333333333336
Смешанное сельское хозяйство,01.50,2024.0,0.025210084033613446
Деятельность вспомогательная в области производства сельскохозяйственных культур и послеуборочной обработки сельхозпродукции,01.6,2021.0,0.02952029520295203
Деятельность вспомогательная в области производства сельскохозяйственных культур и послеуборочной обработки сельхозпродукции,01.6,2022.0,0.0575139146567718
Деятельность вспомогательная в области производства сельскохозяйственных культур и послеуборочной обработки сельхозпродукции,01.6,2023.0,0.01509433962264151
Деятельность вспомогательная в области производства сельскохозяйственных культур и послеуборочной обработки сельхозпродукции,01.6,2024.0,0.017142857142857144
Предоставление услуг в области растениеводства,01.61,2021.0,0.03155818540433925
Предоставление услуг в области растениеводства,01.61,2022.0,0.05788423153692615
Предоставление услуг в области растениеводства,01.61,2023.0,0.014344262295081968
Предоставление услуг в области растениеводства,01.61,2024.0,0.01867219917012448
Предоставление услуг в области животноводства,01.62,2021.0,
Предоставление услуг в области животноводства,01.62,2022.0,0.07407407407407407
Предоставление услуг в области животноводства,01.62,2023.0,0.03333333333333333
Предоставление услуг в области животноводства,01.62,2024.0,
Деятельность сельскохозяйственная после сбора урожая,01.63,2021.0,
Деятельность сельскохозяйственная после сбора урожая,01.63,2022.0,
Деятельность сельскохозяйственная после сбора урожая,01.63,2023.0,
Деятельность сельскохозяйственная после сбора урожая,01.63,2024.0,
Обработка семян для посадки,01.64,2021.0,
Обработка семян для посадки,01.64,2022.0,
Обработка семян для посадки,01.64,2023.0,
Обработка семян для посадки,01.64,2024.0,
"Охота, отлов и отстрел диких животных, включая предоставление услуг в этих областях",01.70,2021.0,0.04807692307692308
"Охота, отлов и отстрел диких животных, включая предоставление услуг в этих областях",01.70,2022.0,0.030303030303030304
"Охота, отлов и отстрел диких животных, включая предоставление услуг в этих областях",01.70,2023.0,0.008620689655172414
"Охота, отлов и отстрел диких животных, включая предоставление услуг в этих областях",01.70,2024.0,0.025210084033613446
Лесоводство и лесозаготовки,02,2021.0,0.028358208955223882
Лесоводство и лесозаготовки,02,2022.0,0.06784888203546646
Лесоводство и лесозаготовки,02,2023.0,0.03515625
Лесоводство и лесозаготовки,02,2024.0,0.020642201834862386
Лесоводство и прочая лесохозяйственная деятельность,02.10,2021.0,0.028208744710860368
Лесоводство и прочая лесохозяйственная деятельность,02.10,2022.0,0.06934812760055478
Лесоводство и прочая лесохозяйственная деятельность,02.10,2023.0,0.024725274725274724
Лесоводство и прочая лесохозяйственная деятельность,02.10,2024.0,0.02785923753665689
Деятельность лесопитомников,02.10.1,2021.0,0.045454545454545456
Деятельность лесопитомников,02.10.1,2022.0,0.09090909090909091
Деятельность лесопитомников,02.10.1,2023.0,
Деятельность лесопитомников,02.10.1,2024.0,
"Выращивание посадочного материала лесных растений (саженцев, сеянцев)",02.10.11,2021.0,0.058823529411764705
"Выращивание посадочного материала лесных растений (саженцев, сеянцев)",02.10.11,2022.0,0.13333333333333333
"Выращивание посадочного материала лесных растений (саженцев, сеянцев)",02.10.11,2023.0,
"Выращивание посадочного материала лесных растений (саженцев, сеянцев)",02.10.11,2024.0,
Деятельность лесохозяйственная прочая,02.10.2,2021.0,
Деятельность лесохозяйственная прочая,02.10.2,2022.0,0.015625
Деятельность лесохозяйственная прочая,02.10.2,2023.0,0.029411764705882353
Деятельность лесохозяйственная прочая,02.10.2,2024.0,0.03125
Лесозаготовки,02.20,2021.0,0.04186046511627907
Лесозаготовки,02.20,2022.0,0.04477611940298507
Лесозаготовки,02.20,2023.0,0.016853932584269662
Лесозаготовки,02.20,2024.0,0.005681818181818182
"Сбор и заготовка пищевых лесных ресурсов, недревесных лесных ресурсов и лекарственных растений",02.30,2021.0,
"Сбор и заготовка пищевых лесных ресурсов, недревесных лесных ресурсов и лекарственных растений",02.30,2022.0,
"Сбор и заготовка пищевых лесных ресурсов, недревесных лесных ресурсов и лекарственных растений",02.30,2023.0,
"Сбор и заготовка пищевых лесных ресурсов, недревесных лесных ресурсов и лекарственных растений",02.30,2024.0,
Сбор и заготовка пищевых лесных ресурсов,02.30.1,2021.0,
Сбор и заготовка пищевых лесных ресурсов,02.30.1,2022.0,
Сбор и заготовка пищевых лесных ресурсов,02.30.1,2023.0,
Сбор и заготовка пищевых лесных ресурсов,02.30.1,2024.0,
Сбор и заготовка дикорастущих грибов,02.30.11,2023.0,
Сбор и заготовка дикорастущих грибов,02.30.11,2024.0,
"Сбор и заготовка дикорастущих плодов, ягод",02.30.12,2021.0,
"Сбор и заготовка дикорастущих плодов, ягод",02.30.12,2022.0,
"Сбор и заготовка дикорастущих плодов, ягод",02.30.12,2023.0,
"Сбор и заготовка дикорастущих плодов, ягод",02.30.12,2024.0,
Сбор и заготовка дикорастущих орехов,02.30.13,2021.0,
Сбор и заготовка дикорастущих орехов,02.30.13,2022.0,
Сбор и заготовка дикорастущих орехов,02.30.13,2023.0,
Сбор и заготовка дикорастущих орехов,02.30.13,2024.0,
Сбор и заготовка недревесных лесных ресурсов,02.30.2,2021.0,
Сбор и заготовка недревесных лесных ресурсов,02.30.2,2023.0,
Предоставление услуг в области лесоводства и лесозаготовок,02.40,2021.0,0.021686746987951807
Предоставление услуг в области лесоводства и лесозаготовок,02.40,2022.0,0.07795698924731183
Предоставление услуг в области лесоводства и лесозаготовок,02.40,2023.0,0.06504065040650407
Предоставление услуг в области лесоводства и лесозаготовок,02.40,2024.0,0.015659955257270694
Предоставление услуг в области лесоводства,02.40.1,2021.0,0.019444444444444445
Предоставление услуг в области лесоводства,02.40.1,2022.0,0.08099688473520249
Предоставление услуг в области лесоводства,02.40.1,2023.0,0.06109324758842444
Предоставление услуг в области лесоводства,02.40.1,2024.0,0.019230769230769232
Предоставление услуг в области лесозаготовок,02.40.2,2021.0,0.08333333333333333
Предоставление услуг в области лесозаготовок,02.40.2,2022.0,0.1111111111111111
Предоставление услуг в области лесозаготовок,02.40.2,2023.0,0.09090909090909091
Предоставление услуг в области лесозаготовок,02.40.2,2024.0,
Рыболовство и рыбоводство,03,2021.0,0.022099447513812154
Рыболовство и рыбоводство,03,2022.0,0.026737967914438502
Рыболовство и рыбоводство,03,2023.0,0.02997275204359673
Рыболовство и рыбоводство,03,2024.0,0.022727272727272728
Рыболовство,03.1,2021.0,0.03255813953488372
Рыболовство,03.1,2022.0,0.03636363636363636
Рыболовство,03.1,2023.0,0.04090909090909091
Рыболовство,03.1,2024.0,0.02834008097165992
Рыболовство морское,03.11,2021.0,0.01092896174863388
Рыболовство морское,03.11,2022.0,0.02617801047120419
Рыболовство морское,03.11,2023.0,0.03867403314917127
Рыболовство морское,03.11,2024.0,0.029411764705882353
Рыболовство морское промышленное,03.11.1,2021.0,0.016666666666666666
Рыболовство морское промышленное,03.11.1,2022.0,0.01694915254237288
Рыболовство морское промышленное,03.11.1,2023.0,0.05
Рыболовство морское промышленное,03.11.1,2024.0,0.07575757575757576
Рыболовство морское прибрежное,03.11.2,2021.0,
Рыболовство морское прибрежное,03.11.2,2022.0,
Рыболовство морское прибрежное,03.11.2,2023.0,
Рыболовство морское прибрежное,03.11.2,2024.0,
Рыболовство пресноводное,03.12,2021.0,0.15625
Рыболовство пресноводное,03.12,2022.0,0.10344827586206896
Рыболовство пресноводное,03.12,2023.0,0.05128205128205128
Рыболовство пресноводное,03.12,2024.0,0.023255813953488372
Рыболовство пресноводное промышленное,03.12.1,2021.0,0.0625
Рыболовство пресноводное промышленное,03.12.1,2022.0,
Рыболовство пресноводное промышленное,03.12.1,2023.0,
Рыболовство пресноводное промышленное,03.12.1,2024.0,
Рыболовство пресноводное в целях аквакультуры (рыбоводства),03.12.2,2021.0,
Рыболовство пресноводное в целях аквакультуры (рыбоводства),03.12.2,2022.0,
Рыболовство пресноводное в целях аквакультуры (рыбоводства),03.12.2,2023.0,
Рыболовство пресноводное в целях аквакультуры (рыбоводства),03.12.2,2024.0,
Рыболовство любительское и спортивное,03.12.3,2021.0,
Рыболовство любительское и спортивное,03.12.3,2022.0,
Рыболовство любительское и спортивное,03.12.3,2023.0,
Рыболовство любительское и спортивное,03.12.3,2024.0,
"Рыболовство в целях обеспечения ведения традиционного образа жизни и осуществления традиционной хозяйственной деятельности коренных малочисленных народов Севера, Сибири и Дальнего Востока Российской Федерации",03.12.4,2021.0,0.25
"Рыболовство в целях обеспечения ведения традиционного образа жизни и осуществления традиционной хозяйственной деятельности коренных малочисленных народов Севера, Сибири и Дальнего Востока Российской Федерации",03.12.4,2022.0,
"Рыболовство в целях обеспечения ведения традиционного образа жизни и осуществления традиционной хозяйственной деятельности коренных малочисленных народов Севера, Сибири и Дальнего Востока Российской Федерации",03.12.4,2024.0,
Рыбоводство,03.2,2021.0,0.006802721088435374
Рыбоводство,03.2,2022.0,0.012987012987012988
Рыбоводство,03.2,2023.0,0.013605442176870748
Рыбоводство,03.2,2024.0,0.013422818791946308
Рыбоводство морское,03.21,2021.0,
Рыбоводство морское,03.21,2022.0,0.1111111111111111
Рыбоводство морское,03.21,2023.0,0.08333333333333333
Рыбоводство морское,03.21,2024.0,0.1111111111111111
Рыбоводство морское индустриальное,03.21.1,2021.0,
Рыбоводство морское индустриальное,03.21.1,2022.0,0.3333333333333333
Рыбоводство морское индустриальное,03.21.1,2023.0,0.2
Рыбоводство морское индустриальное,03.21.1,2024.0,0.25
Рыбоводство морское пастбищное,03.21.2,2022.0,
Рыбоводство морское пастбищное,03.21.2,2023.0,
Мелиорация рыбохозяйственная морских и минерализированных водных объектов,03.21.3,2023.0,
Мелиорация рыбохозяйственная морских и минерализированных водных объектов,03.21.3,2024.0,
Воспроизводство морских биоресурсов искусственное,03.21.4,2021.0,
Воспроизводство морских биоресурсов искусственное,03.21.4,2022.0,
Воспроизводство морских биоресурсов искусственное,03.21.4,2023.0,
Воспроизводство морских биоресурсов искусственное,03.21.4,2024.0,
Рыбоводство пресноводное,03.22,2021.0,0.007194244604316547
Рыбоводство пресноводное,03.22,2022.0,0.006896551724137931
Рыбоводство пресноводное,03.22,2023.0,0.007407407407407408
Рыбоводство пресноводное,03.22,2024.0,0.007142857142857143
Рыбоводство пресноводное индустриальное,03.22.1,2021.0,
Рыбоводство пресноводное индустриальное,03.22.1,2022.0,
Рыбоводство пресноводное индустриальное,03.22.1,2023.0,
Рыбоводство пресноводное индустриальное,03.22.1,2024.0,
Рыбоводство пресноводное пастбищное,03.22.2,2021.0,
Рыбоводство пресноводное пастбищное,03.22.2,2022.0,
Рыбоводство пресноводное пастбищное,03.22.2,2023.0,
Рыбоводство пресноводное пастбищное,03.22.2,2024.0,
Рыбоводство прудовое,03.22.3,2021.0,
Рыбоводство прудовое,03.22.3,2022.0,
Рыбоводство прудовое,03.22.3,2023.0,0.1
Рыбоводство прудовое,03.22.3,2024.0,
Воспроизводство пресноводных биоресурсов искусственное,03.22.5,2021.0,0.125
Воспроизводство пресноводных биоресурсов искусственное,03.22.5,2022.0,
Воспроизводство пресноводных биоресурсов искусственное,03.22.5,2023.0,
Воспроизводство пресноводных биоресурсов искусственное,03.22.5,2024.0,0.08333333333333333
Деятельность по пресноводному рыбоводству прочая,03.22.9,2021.0,
Деятельность по пресноводному рыбоводству прочая,03.22.9,2022.0,
Деятельность по пресноводному рыбоводству прочая,03.22.9,2023.0,
Деятельность по пресноводному рыбоводству прочая,03.22.9,2024.0,
Добыча угля,05,2021.0,0.08139534883720931
Добыча угля,05,2022.0,0.11299435028248588
Добыча угля,05,2023.0,0.01639344262295082
Добыча угля,05,2024.0,0.019704433497536946
Добыча и обогащение угля и антрацита,05.10,2021.0,0.09722222222222222
Добыча и обогащение угля и антрацита,05.10,2022.0,0.125
Добыча и обогащение угля и антрацита,05.10,2023.0,0.012345679012345678
Добыча и обогащение угля и антрацита,05.10,2024.0,0.022099447513812154
Добыча угля и антрацита,05.10.1,2021.0,0.10416666666666667
Добыча угля и антрацита,05.10.1,2022.0,0.14705882352941177
Добыча угля и антрацита,05.10.1,2023.0,0.008849557522123894
Добыча угля и антрацита,05.10.1,2024.0,0.01694915254237288
Добыча антрацита открытым способом,05.10.11,2021.0,
Добыча антрацита открытым способом,05.10.11,2022.0,
Добыча антрацита открытым способом,05.10.11,2023.0,
Добыча антрацита открытым способом,05.10.11,2024.0,
Добыча коксующегося угля открытым способом,05.10.12,2021.0,0.18181818181818182
Добыча коксующегося угля открытым способом,05.10.12,2022.0,0.3
Добыча коксующегося угля открытым способом,05.10.12,2023.0,0.08333333333333333
Добыча коксующегося угля открытым способом,05.10.12,2024.0,
"Добыча угля, за исключением антрацита, угля коксующегося и угля бурого, открытым способом",05.10.13,2021.0,0.038461538461538464
"Добыча угля, за исключением антрацита, угля коксующегося и угля бурого, открытым способом",05.10.13,2022.0,0.05357142857142857
"Добыча угля, за исключением антрацита, угля коксующегося и угля бурого, открытым способом",05.10.13,2023.0,
"Добыча угля, за исключением антрацита, угля коксующегося и угля бурого, открытым способом",05.10.13,2024.0,0.015151515151515152
Добыча антрацита подземным способом,05.10.14,2021.0,
Добыча антрацита подземным способом,05.10.14,2022.0,
Добыча антрацита подземным способом,05.10.14,2023.0,
Добыча антрацита подземным способом,05.10.14,2024.0,
Добыча коксующегося угля подземным способом,05.10.15,2021.0,0.35294117647058826
Добыча коксующегося угля подземным способом,05.10.15,2022.0,0.5
Добыча коксующегося угля подземным способом,05.10.15,2023.0,
Добыча коксующегося угля подземным способом,05.10.15,2024.0,
"Добыча угля, за исключением антрацита, угля коксующегося и угля бурого, подземным способом",05.10.16,2021.0,
"Добыча угля, за исключением антрацита, угля коксующегося и угля бурого, подземным способом",05.10.16,2022.0,0.16666666666666666
"Добыча угля, за исключением антрацита, угля коксующегося и угля бурого, подземным способом",05.10.16,2023.0,
"Добыча угля, за исключением антрацита, угля коксующегося и угля бурого, подземным способом",05.10.16,2024.0,
Обогащение угля,05.10.2,2021.0,0.09090909090909091
Обогащение угля,05.10.2,2022.0,0.09302325581395349
Обогащение угля,05.10.2,2023.0,0.022727272727272728
Обогащение угля,05.10.2,2024.0,0.04
Обогащение антрацита,05.10.21,2021.0,
Обогащение антрацита,05.10.21,2022.0,
Обогащение антрацита,05.10.21,2023.0,
Обогащение антрацита,05.10.21,2024.0,
Обогащение коксующегося угля,05.10.22,2021.0,0.13636363636363635
Обогащение коксующегося угля,05.10.22,2022.0,0.14285714285714285
Обогащение коксующегося угля,05.10.22,2023.0,
Обогащение коксующегося угля,05.10.22,2024.0,
"Обогащение угля, кроме антрацита, угля коксующегося и угля бурого",05.10.23,2021.0,0.058823529411764705
"Обогащение угля, кроме антрацита, угля коксующегося и угля бурого",05.10.23,2022.0,0.05263157894736842
"Обогащение угля, кроме антрацита, угля коксующегося и угля бурого",05.10.23,2023.0,0.05263157894736842
"Обогащение угля, кроме антрацита, угля коксующегося и угля бурого",05.10.23,2024.0,0.11764705882352941
Добыча и обогащение бурого угля (лигнита),05.20,2021.0,
Добыча и обогащение бурого угля (лигнита),05.20,2022.0,0.04
Добыча и обогащение бурого угля (лигнита),05.20,2023.0,0.047619047619047616
Добыча и обогащение бурого угля (лигнита),05.20,2024.0,
Добыча бурого угля (лигнита),05.20.1,2021.0,
Добыча бурого угля (лигнита),05.20.1,2022.0,0.04
Добыча бурого угля (лигнита),05.20.1,2023.0,0.047619047619047616
Добыча бурого угля (лигнита),05.20.1,2024.0,
Добыча бурого угля (лигнита) открытым способом,05.20.11,2021.0,
Добыча бурого угля (лигнита) открытым способом,05.20.11,2022.0,0.043478260869565216
Добыча бурого угля (лигнита) открытым способом,05.20.11,2023.0,0.05263157894736842
Добыча бурого угля (лигнита) открытым способом,05.20.11,2024.0,
Добыча бурого угля (лигнита) подземным способом,05.20.12,2021.0,
Добыча бурого угля (лигнита) подземным способом,05.20.12,2022.0,
Добыча бурого угля (лигнита) подземным способом,05.20.12,2023.0,
Добыча бурого угля (лигнита) подземным способом,05.20.12,2024.0,
Добыча нефти и природного газа,06,2021.0,0.0547945205479452
Добыча нефти и природного газа,06,2022.0,0.0646900269541779
Добыча нефти и природного газа,06,2023.0,0.05774278215223097
Добыча нефти и природного газа,06,2024.0,0.04866180048661801
Добыча нефти и нефтяного (попутного) газа,06.10,2021.0,0.06206896551724138
Добыча нефти и нефтяного (попутного) газа,06.10,2022.0,0.07420494699646643
Добыча нефти и нефтяного (попутного) газа,06.10,2023.0,0.06756756756756757
Добыча нефти и нефтяного (попутного) газа,06.10,2024.0,0.0486322188449848
"Добыча сырой нефти, горючих (битуминозных) сланцев, песка и озокерита",06.10.01.АГ,2021.0,0.06569343065693431
"Добыча сырой нефти, горючих (битуминозных) сланцев, песка и озокерита",06.10.01.АГ,2022.0,0.07462686567164178
"Добыча сырой нефти, горючих (битуминозных) сланцев, песка и озокерита",06.10.01.АГ,2023.0,0.07194244604316546
"Добыча нефти, горючих (битуминозных) сланцев, песка и озокерита",06.10.01.АГ,2024.0,0.05194805194805195
Добыча нефти,06.10.1,2021.0,0.06569343065693431
Добыча нефти,06.10.1,2022.0,0.07462686567164178
Добыча нефти,06.10.1,2023.0,0.07194244604316546
Добыча нефти,06.10.1,2024.0,0.05211726384364821
"Добыча горючих (битуминозных) сланцев, песка и озокерита",06.10.2,2024.0,
Добыча нефтяного (попутного) газа,06.10.3,2021.0,
Добыча нефтяного (попутного) газа,06.10.3,2024.0,
Добыча природного газа и газового конденсата,06.20,2021.0,0.02666666666666667
Добыча природного газа и газового конденсата,06.20,2022.0,0.03409090909090909
Добыча природного газа и газового конденсата,06.20,2023.0,0.023529411764705882
Добыча природного газа и газового конденсата,06.20,2024.0,0.04878048780487805
Добыча природного газа,06.20.1,2021.0,0.037037037037037035
Добыча природного газа,06.20.1,2022.0,0.015625
Добыча природного газа,06.20.1,2023.0,0.03508771929824561
Добыча природного газа,06.20.1,2024.0,0.05084745762711865
Добыча газового конденсата,06.20.2,2021.0,
Добыча газового конденсата,06.20.2,2022.0,0.25
Добыча газового конденсата,06.20.2,2023.0,
Добыча газового конденсата,06.20.2,2024.0,
Добыча металлических руд,07,2021.0,0.03353658536585366
Добыча металлических руд,07,2022.0,0.08074534161490683
Добыча металлических руд,07,2023.0,0.04155124653739612
Добыча металлических руд,07,2024.0,0.04785894206549118
Добыча и обогащение железных руд,07.10,2021.0,0.09090909090909091
Добыча и обогащение железных руд,07.10,2022.0,0.13636363636363635
Добыча и обогащение железных руд,07.10,2023.0,0.125
Добыча и обогащение железных руд,07.10,2024.0,0.1111111111111111
Добыча железных руд подземным способом,07.10.1,2021.0,0.3333333333333333
Добыча железных руд подземным способом,07.10.1,2022.0,0.25
Добыча железных руд подземным способом,07.10.1,2023.0,0.3333333333333333
Добыча железных руд подземным способом,07.10.1,2024.0,0.3333333333333333
Добыча железных руд открытым способом,07.10.2,2021.0,
Добыча железных руд открытым способом,07.10.2,2022.0,0.16666666666666666
Добыча железных руд открытым способом,07.10.2,2023.0,
Добыча железных руд открытым способом,07.10.2,2024.0,
Обогащение и агломерация железных руд,07.10.3,2021.0,0.125
Обогащение и агломерация железных руд,07.10.3,2022.0,0.125
Обогащение и агломерация железных руд,07.10.3,2023.0,0.2222222222222222
Обогащение и агломерация железных руд,07.10.3,2024.0,0.2857142857142857
Добыча руд цветных металлов,07.2,2021.0,0.029411764705882353
Добыча руд цветных металлов,07.2,2022.0,0.07666666666666666
Добыча руд цветных металлов,07.2,2023.0,0.03560830860534125
Добыча руд цветных металлов,07.2,2024.0,0.043243243243243246
Добыча урановой и ториевой руд,07.21,2021.0,
Добыча урановой и ториевой руд,07.21,2022.0,
Добыча урановой и ториевой руд,07.21,2023.0,
Добыча урановой и ториевой руд,07.21,2024.0,
Добыча и первичное обогащение урановых руд,07.21.1,2021.0,
Добыча и первичное обогащение урановых руд,07.21.1,2022.0,
Добыча и первичное обогащение урановых руд,07.21.1,2023.0,
Добыча и первичное обогащение урановых руд,07.21.1,2024.0,
"Добыча урановых руд подземным способом, включая способы подземного и кучного выщелачивания",07.21.11,2021.0,
"Добыча урановых руд подземным способом, включая способы подземного и кучного выщелачивания",07.21.11,2022.0,
"Добыча урановых руд подземным способом, включая способы подземного и кучного выщелачивания",07.21.11,2023.0,
"Добыча урановых руд подземным способом, включая способы подземного и кучного выщелачивания",07.21.11,2024.0,
Добыча руд прочих цветных металлов,07.29,2021.0,0.03
Добыча руд прочих цветных металлов,07.29,2022.0,0.0782312925170068
Добыча руд прочих цветных металлов,07.29,2023.0,0.03636363636363636
Добыча руд прочих цветных металлов,07.29,2024.0,0.04395604395604396
"Добыча и обогащение руд цветных металлов, не включенных в другие группировки",07.29.02.АГ,2021.0,0.031496062992125984
"Добыча и обогащение руд цветных металлов, не включенных в другие группировки",07.29.02.АГ,2022.0,0.08764940239043825
"Добыча и обогащение руд цветных металлов, не включенных в другие группировки",07.29.02.АГ,2023.0,0.03914590747330961
"Добыча и обогащение руд цветных металлов, не включенных в другие группировки",07.29.02.АГ,2024.0,0.04262295081967213
Добыча и обогащение медной руды,07.29.1,2021.0,0.05
Добыча и обогащение медной руды,07.29.1,2022.0,0.05
Добыча и обогащение медной руды,07.29.1,2023.0,0.045454545454545456
Добыча и обогащение медной руды,07.29.1,2024.0,0.14285714285714285
Добыча и обогащение алюминийсодержащего сырья (бокситов и нефелин-апатитовых руд),07.29.3,2022.0,
Добыча и обогащение алюминийсодержащего сырья (бокситов и нефелин-апатитовых руд),07.29.3,2023.0,
Добыча и обогащение алюминийсодержащего сырья (бокситов и нефелин-апатитовых руд),07.29.3,2024.0,
Добыча руд и песков драгоценных металлов и руд редких металлов,07.29.4,2022.0,
"Добыча руд и песков драгоценных металлов (золота, серебра и металлов платиновой группы)",07.29.41,2022.0,
Добыча и обогащение свинцово-цинковой руды,07.29.5,2021.0,
Добыча и обогащение свинцово-цинковой руды,07.29.5,2022.0,
Добыча и обогащение свинцово-цинковой руды,07.29.5,2023.0,
Добыча и обогащение свинцово-цинковой руды,07.29.5,2024.0,
Добыча и обогащение оловянной руды,07.29.6,2021.0,
Добыча и обогащение оловянной руды,07.29.6,2022.0,
Добыча и обогащение оловянной руды,07.29.6,2023.0,
Добыча и обогащение оловянной руды,07.29.6,2024.0,
Добыча и обогащение титаномагниевого сырья,07.29.7,2022.0,
Добыча и обогащение руд прочих цветных металлов,07.29.9,2021.0,
Добыча и обогащение руд прочих цветных металлов,07.29.9,2022.0,
Добыча и обогащение руд прочих цветных металлов,07.29.9,2023.0,
Добыча и обогащение руд прочих цветных металлов,07.29.9,2024.0,
Добыча и обогащение сурьмяно-ртутных руд,07.29.91,2021.0,
Добыча и обогащение сурьмяно-ртутных руд,07.29.91,2022.0,
Добыча и обогащение сурьмяно-ртутных руд,07.29.91,2023.0,
Добыча и обогащение сурьмяно-ртутных руд,07.29.91,2024.0,
Добыча и обогащение марганцевых руд,07.29.92,2021.0,
Добыча и обогащение марганцевых руд,07.29.92,2022.0,
Добыча и обогащение марганцевых руд,07.29.92,2023.0,
Добыча и обогащение марганцевых руд,07.29.92,2024.0,
Добыча и обогащение хромовых (хромитовых) руд,07.29.93,2021.0,
Добыча и обогащение хромовых (хромитовых) руд,07.29.93,2022.0,
Добыча и обогащение хромовых (хромитовых) руд,07.29.93,2023.0,
Добыча и обогащение хромовых (хромитовых) руд,07.29.93,2024.0,
"Добыча и обогащение руд прочих цветных металлов, не включенных в другие группировки",07.29.99,2021.0,
"Добыча и обогащение руд прочих цветных металлов, не включенных в другие группировки",07.29.99,2022.0,
"Добыча и обогащение руд прочих цветных металлов, не включенных в другие группировки",07.29.99,2023.0,
"Добыча и обогащение руд прочих цветных металлов, не включенных в другие группировки",07.29.99,2024.0,
Добыча прочих полезных ископаемых,08,2021.0,0.05542168674698795
Добыча прочих полезных ископаемых,08,2022.0,0.051094890510948905
Добыча прочих полезных ископаемых,08,2023.0,0.030303030303030304
Добыча прочих полезных ископаемых,08,2024.0,0.040948275862068964
"Добыча камня, песка и глины",08.1,2021.0,0.05459770114942529
"Добыча камня, песка и глины",08.1,2022.0,0.04956268221574344
"Добыча камня, песка и глины",08.1,2023.0,0.02535211267605634
"Добыча камня, песка и глины",08.1,2024.0,0.0291005291005291
"Добыча декоративного и строительного камня, известняка, гипса, мела и сланцев",08.11,2021.0,0.02040816326530612
"Добыча декоративного и строительного камня, известняка, гипса, мела и сланцев",08.11,2022.0,0.04838709677419355
"Добыча декоративного и строительного камня, известняка, гипса, мела и сланцев",08.11,2023.0,0.03278688524590164
"Добыча декоративного и строительного камня, известняка, гипса, мела и сланцев",08.11,2024.0,0.05426356589147287
Добыча и первичная обработка камня для памятников и строительства,08.11.1,2021.0,0.015384615384615385
Добыча и первичная обработка камня для памятников и строительства,08.11.1,2022.0,0.034482758620689655
Добыча и первичная обработка камня для памятников и строительства,08.11.1,2023.0,0.04
Добыча и первичная обработка камня для памятников и строительства,08.11.1,2024.0,0.022222222222222223
Добыча и первичная обработка известняка и гипсового камня,08.11.2,2021.0,0.03389830508474576
Добыча и первичная обработка известняка и гипсового камня,08.11.2,2022.0,0.06521739130434782
Добыча и первичная обработка известняка и гипсового камня,08.11.2,2023.0,0.019230769230769232
Добыча и первичная обработка известняка и гипсового камня,08.11.2,2024.0,0.09259259259259259
Добыча мела и некальцинированного доломита,08.11.3,2021.0,
Добыча мела и некальцинированного доломита,08.11.3,2022.0,
Добыча мела и некальцинированного доломита,08.11.3,2023.0,
Добыча мела и некальцинированного доломита,08.11.3,2024.0,
Добыча и первичная обработка сланцев,08.11.4,2021.0,
Добыча и первичная обработка сланцев,08.11.4,2022.0,
Добыча и первичная обработка сланцев,08.11.4,2023.0,
Добыча и первичная обработка сланцев,08.11.4,2024.0,
"Разработка гравийных и песчаных карьеров, добыча глины и каолина",08.12,2021.0,0.07960199004975124
"Разработка гравийных и песчаных карьеров, добыча глины и каолина",08.12,2022.0,0.0502283105022831
"Разработка гравийных и песчаных карьеров, добыча глины и каолина",08.12,2023.0,0.02145922746781116
"Разработка гравийных и песчаных карьеров, добыча глины и каолина",08.12,2024.0,0.01606425702811245
Разработка гравийных и песчаных карьеров,08.12.1,2021.0,0.07051282051282051
Разработка гравийных и песчаных карьеров,08.12.1,2022.0,0.061452513966480445
Разработка гравийных и песчаных карьеров,08.12.1,2023.0,0.027624309392265192
Разработка гравийных и песчаных карьеров,08.12.1,2024.0,0.0213903743315508
Добыча глины и каолина,08.12.2,2021.0,
Добыча глины и каолина,08.12.2,2022.0,
Добыча глины и каолина,08.12.2,2023.0,
Добыча глины и каолина,08.12.2,2024.0,
"Добыча полезных ископаемых, не включенных в другие группировки",08.9,2021.0,0.05970149253731343
"Добыча полезных ископаемых, не включенных в другие группировки",08.9,2022.0,0.058823529411764705
"Добыча полезных ископаемых, не включенных в другие группировки",08.9,2023.0,0.05405405405405406
"Добыча полезных ископаемых, не включенных в другие группировки",08.9,2024.0,0.09302325581395349
Добыча минерального сырья для химической промышленности и производства минеральных удобрений,08.91,2021.0,
Добыча минерального сырья для химической промышленности и производства минеральных удобрений,08.91,2022.0,
Добыча минерального сырья для химической промышленности и производства минеральных удобрений,08.91,2023.0,
Добыча минерального сырья для химической промышленности и производства минеральных удобрений,08.91,2024.0,
Добыча и агломерация торфа,08.92,2021.0,
Добыча и агломерация торфа,08.92,2022.0,
Добыча и агломерация торфа,08.92,2023.0,
Добыча и агломерация торфа,08.92,2024.0,0.05555555555555555
Добыча торфа,08.92.1,2021.0,
Добыча торфа,08.92.1,2022.0,
Добыча торфа,08.92.1,2023.0,
Добыча торфа,08.92.1,2024.0,0.0625
Добыча соли,08.93,2021.0,0.16666666666666666
Добыча соли,08.93,2022.0,0.2
Добыча соли,08.93,2023.0,0.2
Добыча соли,08.93,2024.0,
"Добыча прочих полезных ископаемых, не включенных в другие группировки",08.99,2021.0,0.08823529411764706
"Добыча прочих полезных ископаемых, не включенных в другие группировки",08.99,2022.0,0.07692307692307693
"Добыча прочих полезных ископаемых, не включенных в другие группировки",08.99,2023.0,0.06976744186046512
"Добыча прочих полезных ископаемых, не включенных в другие группировки",08.99,2024.0,0.14583333333333334
"Добыча полезных ископаемых, не включенных в другие группировки",08.99.03.АГ,2021.0,
"Добыча полезных ископаемых, не включенных в другие группировки",08.99.03.АГ,2022.0,
"Добыча полезных ископаемых, не включенных в другие группировки",08.99.03.АГ,2023.0,
"Добыча полезных ископаемых, не включенных в другие группировки",08.99.03.АГ,2024.0,
"Добыча природного асфальта, асфальтитов и битумных пород",08.99.1,2021.0,
"Добыча природного асфальта, асфальтитов и битумных пород",08.99.1,2022.0,
"Добыча природного асфальта, асфальтитов и битумных пород",08.99.1,2023.0,
"Добыча природного асфальта, асфальтитов и битумных пород",08.99.1,2024.0,
"Добыча абразивных материалов, асбеста, кремнеземистой каменной муки, природных графитов, мыльного камня (талька), полевого шпата и т. д.",08.99.2,2021.0,
"Добыча абразивных материалов, асбеста, кремнеземистой каменной муки, природных графитов, мыльного камня (талька), полевого шпата и т. д.",08.99.2,2022.0,
"Добыча абразивных материалов, асбеста, кремнеземистой каменной муки, природных графитов, мыльного камня (талька), полевого шпата и т. д.",08.99.2,2023.0,
"Добыча абразивных материалов, асбеста, кремнеземистой каменной муки, природных графитов, мыльного камня (талька), полевого шпата и т. д.",08.99.2,2024.0,
"Добыча природных абразивов, кроме алмазов",08.99.21,2021.0,
"Добыча природных абразивов, кроме алмазов",08.99.21,2022.0,
"Добыча природных абразивов, кроме алмазов",08.99.21,2023.0,
"Добыча природных абразивов, кроме алмазов",08.99.21,2024.0,
Добыча асбеста хризотилового,08.99.23,2021.0,
Добыча асбеста хризотилового,08.99.23,2022.0,
Добыча асбеста хризотилового,08.99.23,2023.0,
Добыча асбеста хризотилового,08.99.23,2024.0,
"Добыча драгоценных камней, кварца, слюды, мусковита и т. д.",08.99.3,2021.0,0.13636363636363635
"Добыча драгоценных камней, кварца, слюды, мусковита и т. д.",08.99.3,2022.0,0.12
"Добыча драгоценных камней, кварца, слюды, мусковита и т. д.",08.99.3,2023.0,0.10714285714285714
"Добыча драгоценных камней, кварца, слюды, мусковита и т. д.",08.99.3,2024.0,0.25
"Добыча драгоценных и полудрагоценных камней, кроме алмазов",08.99.31,2021.0,
"Добыча драгоценных и полудрагоценных камней, кроме алмазов",08.99.31,2022.0,0.25
"Добыча драгоценных и полудрагоценных камней, кроме алмазов",08.99.31,2023.0,
"Добыча драгоценных и полудрагоценных камней, кроме алмазов",08.99.31,2024.0,
Добыча алмазов,08.99.32,2021.0,0.21428571428571427
Добыча алмазов,08.99.32,2022.0,0.125
Добыча алмазов,08.99.32,2023.0,0.15789473684210525
Добыча алмазов,08.99.32,2024.0,0.4117647058823529
Предоставление услуг в области добычи полезных ископаемых,09,2021.0,0.0221606648199446
Предоставление услуг в области добычи полезных ископаемых,09,2022.0,0.019766397124887692
Предоставление услуг в области добычи полезных ископаемых,09,2023.0,0.01574074074074074
Предоставление услуг в области добычи полезных ископаемых,09,2024.0,0.011073253833049404
Предоставление услуг в области добычи нефти и природного газа,09.10,2021.0,0.022748815165876776
Предоставление услуг в области добычи нефти и природного газа,09.10,2022.0,0.019390581717451522
Предоставление услуг в области добычи нефти и природного газа,09.10,2023.0,0.016361886429258902
Предоставление услуг в области добычи нефти и природного газа,09.10,2024.0,0.010666666666666666
"Предоставление услуг по бурению, связанному с добычей нефти, газа и газового конденсата",09.10.1,2021.0,0.006734006734006734
"Предоставление услуг по бурению, связанному с добычей нефти, газа и газового конденсата",09.10.1,2022.0,0.009259259259259259
"Предоставление услуг по бурению, связанному с добычей нефти, газа и газового конденсата",09.10.1,2023.0,0.014970059880239521
"Предоставление услуг по бурению, связанному с добычей нефти, газа и газового конденсата",09.10.1,2024.0,0.005420054200542005
"Предоставление услуг по монтажу, ремонту и демонтажу буровых вышек",09.10.2,2021.0,0.011627906976744186
"Предоставление услуг по монтажу, ремонту и демонтажу буровых вышек",09.10.2,2022.0,0.012048192771084338
"Предоставление услуг по монтажу, ремонту и демонтажу буровых вышек",09.10.2,2023.0,
"Предоставление услуг по монтажу, ремонту и демонтажу буровых вышек",09.10.2,2024.0,
Сжижение и обогащение природного газа на месте добычи для последующей транспортировки,09.10.4,2021.0,
Сжижение и обогащение природного газа на месте добычи для последующей транспортировки,09.10.4,2022.0,
Сжижение и обогащение природного газа на месте добычи для последующей транспортировки,09.10.4,2023.0,
Сжижение и обогащение природного газа на месте добычи для последующей транспортировки,09.10.4,2024.0,
Предоставление прочих услуг в области добычи нефти и природного газа,09.10.9,2021.0,0.03511705685618729
Предоставление прочих услуг в области добычи нефти и природного газа,09.10.9,2022.0,0.02671118530884808
Предоставление прочих услуг в области добычи нефти и природного газа,09.10.9,2023.0,0.020442930153321975
Предоставление прочих услуг в области добычи нефти и природного газа,09.10.9,2024.0,0.015748031496062992
Предоставление услуг в других областях добычи полезных ископаемых,09.90,2021.0,
Предоставление услуг в других областях добычи полезных ископаемых,09.90,2022.0,0.03333333333333333
Предоставление услуг в других областях добычи полезных ископаемых,09.90,2023.0,
Предоставление услуг в других областях добычи полезных ископаемых,09.90,2024.0,0.02040816326530612
Производство пищевых продуктов,10,2021.0,0.034759358288770054
Производство пищевых продуктов,10,2022.0,0.0735080058224163
Производство пищевых продуктов,10,2023.0,0.046357615894039736
Производство пищевых продуктов,10,2024.0,0.042928452579034944
Переработка и консервирование мяса и мясной пищевой продукции,10.1,2021.0,0.0447427293064877
Переработка и консервирование мяса и мясной пищевой продукции,10.1,2022.0,0.07083333333333333
Переработка и консервирование мяса и мясной пищевой продукции,10.1,2023.0,0.061224489795918366
Переработка и консервирование мяса и мясной пищевой продукции,10.1,2024.0,0.05304518664047151
Переработка и консервирование мяса,10.11,2021.0,0.06741573033707865
Переработка и консервирование мяса,10.11,2022.0,0.07766990291262135
Переработка и консервирование мяса,10.11,2023.0,0.041237113402061855
Переработка и консервирование мяса,10.11,2024.0,0.08771929824561403
Производство мяса в охлажденном виде,10.11.1,2021.0,0.03571428571428571
Производство мяса в охлажденном виде,10.11.1,2022.0,0.09090909090909091
Производство мяса в охлажденном виде,10.11.1,2023.0,0.04838709677419355
Производство мяса в охлажденном виде,10.11.1,2024.0,0.13333333333333333
Производство пищевых субпродуктов в охлажденном виде,10.11.2,2021.0,
Производство пищевых субпродуктов в охлажденном виде,10.11.2,2022.0,
Производство пищевых субпродуктов в охлажденном виде,10.11.2,2023.0,
Производство пищевых субпродуктов в охлажденном виде,10.11.2,2024.0,
Производство мяса и пищевых субпродуктов в замороженном виде,10.11.3,2021.0,0.16666666666666666
Производство мяса и пищевых субпродуктов в замороженном виде,10.11.3,2022.0,
Производство мяса и пищевых субпродуктов в замороженном виде,10.11.3,2023.0,
Производство мяса и пищевых субпродуктов в замороженном виде,10.11.3,2024.0,
"Производство щипаной шерсти, сырых шкур и кож крупного рогатого скота, животных семейств лошадиных и оленевых, овец и коз",10.11.4,2021.0,
"Производство щипаной шерсти, сырых шкур и кож крупного рогатого скота, животных семейств лошадиных и оленевых, овец и коз",10.11.4,2023.0,
"Производство щипаной шерсти, сырых шкур и кож крупного рогатого скота, животных семейств лошадиных и оленевых, овец и коз",10.11.4,2024.0,
Производство животных жиров,10.11.5,2021.0,
Производство животных жиров,10.11.5,2022.0,
Производство животных жиров,10.11.5,2023.0,
Производство животных жиров,10.11.5,2024.0,
"Производство субпродуктов, непригодных для употребления в пищу",10.11.6,2021.0,
"Производство субпродуктов, непригодных для употребления в пищу",10.11.6,2022.0,
"Производство субпродуктов, непригодных для употребления в пищу",10.11.6,2023.0,
"Производство субпродуктов, непригодных для употребления в пищу",10.11.6,2024.0,
Производство и консервирование мяса птицы,10.12,2021.0,
Производство и консервирование мяса птицы,10.12,2022.0,0.03571428571428571
Производство и консервирование мяса птицы,10.12,2023.0,0.13333333333333333
Производство и консервирование мяса птицы,10.12,2024.0,0.041666666666666664
Производство мяса птицы в охлажденном виде,10.12.1,2021.0,
Производство мяса птицы в охлажденном виде,10.12.1,2022.0,0.05263157894736842
Производство мяса птицы в охлажденном виде,10.12.1,2023.0,0.1875
Производство мяса птицы в охлажденном виде,10.12.1,2024.0,0.07142857142857142
Производство мяса птицы в замороженном виде,10.12.2,2021.0,
Производство мяса птицы в замороженном виде,10.12.2,2022.0,
Производство мяса птицы в замороженном виде,10.12.2,2023.0,0.25
Производство мяса птицы в замороженном виде,10.12.2,2024.0,
Производство пера и пуха,10.12.5,2021.0,
Производство пера и пуха,10.12.5,2022.0,
Производство пера и пуха,10.12.5,2023.0,
Производство пера и пуха,10.12.5,2024.0,
Производство продукции из мяса убойных животных и мяса птицы,10.13,2021.0,0.041916167664670656
Производство продукции из мяса убойных животных и мяса птицы,10.13,2022.0,0.07163323782234957
Производство продукции из мяса убойных животных и мяса птицы,10.13,2023.0,0.06060606060606061
Производство продукции из мяса убойных животных и мяса птицы,10.13,2024.0,0.0431266846361186
"Производство соленого, вареного, запеченого, копченого, вяленого и прочего мяса",10.13.1,2021.0,0.04878048780487805
"Производство соленого, вареного, запеченого, копченого, вяленого и прочего мяса",10.13.1,2022.0,0.10869565217391304
"Производство соленого, вареного, запеченого, копченого, вяленого и прочего мяса",10.13.1,2023.0,0.057692307692307696
"Производство соленого, вареного, запеченого, копченого, вяленого и прочего мяса",10.13.1,2024.0,0.05555555555555555
Производство колбасных изделий,10.13.2,2021.0,0.011560693641618497
Производство колбасных изделий,10.13.2,2022.0,0.0374331550802139
Производство колбасных изделий,10.13.2,2023.0,0.04142011834319527
Производство колбасных изделий,10.13.2,2024.0,0.04093567251461988
Производство мясных (мясосодержащих) консервов,10.13.3,2021.0,
Производство мясных (мясосодержащих) консервов,10.13.3,2022.0,0.10526315789473684
Производство мясных (мясосодержащих) консервов,10.13.3,2023.0,0.09523809523809523
Производство мясных (мясосодержащих) консервов,10.13.3,2024.0,
Производство мясных (мясосодержащих) полуфабрикатов,10.13.4,2021.0,0.12903225806451613
Производство мясных (мясосодержащих) полуфабрикатов,10.13.4,2022.0,0.12121212121212122
Производство мясных (мясосодержащих) полуфабрикатов,10.13.4,2023.0,0.10666666666666667
Производство мясных (мясосодержащих) полуфабрикатов,10.13.4,2024.0,0.05194805194805195
Производство кулинарных мясных (мясосодержащих) изделий,10.13.5,2021.0,
Производство кулинарных мясных (мясосодержащих) изделий,10.13.5,2022.0,0.5
Производство кулинарных мясных (мясосодержащих) изделий,10.13.5,2023.0,
Производство кулинарных мясных (мясосодержащих) изделий,10.13.5,2024.0,
Производство прочей пищевой продукции из мяса или мясных пищевых субпродуктов,10.13.6,2021.0,
Производство прочей пищевой продукции из мяса или мясных пищевых субпродуктов,10.13.6,2022.0,
Производство прочей пищевой продукции из мяса или мясных пищевых субпродуктов,10.13.6,2023.0,
Производство прочей пищевой продукции из мяса или мясных пищевых субпродуктов,10.13.6,2024.0,
"Производство муки и гранул из мяса и мясных субпродуктов, непригодных для употребления в пищу",10.13.7,2021.0,
"Производство муки и гранул из мяса и мясных субпродуктов, непригодных для употребления в пищу",10.13.7,2022.0,
"Производство муки и гранул из мяса и мясных субпродуктов, непригодных для употребления в пищу",10.13.7,2023.0,
"Производство муки и гранул из мяса и мясных субпродуктов, непригодных для употребления в пищу",10.13.7,2024.0,
Предоставление услуг по тепловой обработке и прочим способам переработки мясных продуктов,10.13.9,2021.0,1.0
Предоставление услуг по тепловой обработке и прочим способам переработки мясных продуктов,10.13.9,2022.0,
Предоставление услуг по тепловой обработке и прочим способам переработки мясных продуктов,10.13.9,2023.0,
Предоставление услуг по тепловой обработке и прочим способам переработки мясных продуктов,10.13.9,2024.0,
"Переработка и консервирование рыбы, ракообразных и моллюсков",10.20,2021.0,0.0364963503649635
"Переработка и консервирование рыбы, ракообразных и моллюсков",10.20,2022.0,0.11510791366906475
"Переработка и консервирование рыбы, ракообразных и моллюсков",10.20,2023.0,0.043795620437956206
"Переработка и консервирование рыбы, ракообразных и моллюсков",10.20,2024.0,0.020689655172413793
Переработка и консервирование рыбы,10.20.1,2021.0,0.043478260869565216
Переработка и консервирование рыбы,10.20.1,2022.0,0.08333333333333333
Переработка и консервирование рыбы,10.20.1,2023.0,0.03260869565217391
Переработка и консервирование рыбы,10.20.1,2024.0,0.029411764705882353
Переработка и консервирование ракообразных и моллюсков,10.20.2,2021.0,0.09090909090909091
Переработка и консервирование ракообразных и моллюсков,10.20.2,2022.0,0.2222222222222222
Переработка и консервирование ракообразных и моллюсков,10.20.2,2023.0,0.07692307692307693
Переработка и консервирование ракообразных и моллюсков,10.20.2,2024.0,
Производство пищевой рыбной муки или муки для корма животных,10.20.3,2023.0,
"Производство муки грубого помола и растворимых компонентов из рыбы и прочих водных животных, непригодных для потребления человеком",10.20.4,2023.0,
"Производство муки грубого помола и растворимых компонентов из рыбы и прочих водных животных, непригодных для потребления человеком",10.20.4,2024.0,
"Деятельность по обработке морских водорослей, в том числе морской капусты",10.20.5,2021.0,
"Деятельность по обработке морских водорослей, в том числе морской капусты",10.20.5,2022.0,
"Деятельность по обработке морских водорослей, в том числе морской капусты",10.20.5,2023.0,
"Деятельность по обработке морских водорослей, в том числе морской капусты",10.20.5,2024.0,
Переработка и консервирование фруктов и овощей,10.3,2021.0,0.02727272727272727
Переработка и консервирование фруктов и овощей,10.3,2022.0,0.06722689075630252
Переработка и консервирование фруктов и овощей,10.3,2023.0,0.021739130434782608
Переработка и консервирование фруктов и овощей,10.3,2024.0,0.04964539007092199
Переработка и консервирование картофеля,10.31,2021.0,
Переработка и консервирование картофеля,10.31,2022.0,
Переработка и консервирование картофеля,10.31,2023.0,
Переработка и консервирование картофеля,10.31,2024.0,0.17647058823529413
Производство соковой продукции из фруктов и овощей,10.32,2021.0,0.07692307692307693
Производство соковой продукции из фруктов и овощей,10.32,2022.0,0.047619047619047616
Производство соковой продукции из фруктов и овощей,10.32,2023.0,
Производство соковой продукции из фруктов и овощей,10.32,2024.0,0.038461538461538464
Прочие виды переработки и консервирования фруктов и овощей,10.39,2021.0,0.014285714285714285
Прочие виды переработки и консервирования фруктов и овощей,10.39,2022.0,0.08333333333333333
Прочие виды переработки и консервирования фруктов и овощей,10.39,2023.0,0.029411764705882353
Прочие виды переработки и консервирования фруктов и овощей,10.39,2024.0,0.030612244897959183
Переработка и консервирование овощей (кроме картофеля) и грибов,10.39.1,2021.0,0.023809523809523808
Переработка и консервирование овощей (кроме картофеля) и грибов,10.39.1,2022.0,0.09523809523809523
Переработка и консервирование овощей (кроме картофеля) и грибов,10.39.1,2023.0,0.047619047619047616
Переработка и консервирование овощей (кроме картофеля) и грибов,10.39.1,2024.0,0.03636363636363636
Переработка и консервирование фруктов и орехов,10.39.2,2021.0,
Переработка и консервирование фруктов и орехов,10.39.2,2022.0,0.1
Переработка и консервирование фруктов и орехов,10.39.2,2023.0,0.02631578947368421
Переработка и консервирование фруктов и орехов,10.39.2,2024.0,0.02857142857142857
Предоставление услуг по тепловой обработке и прочим способам подготовки овощей и фруктов для консервирования,10.39.9,2021.0,
Предоставление услуг по тепловой обработке и прочим способам подготовки овощей и фруктов для консервирования,10.39.9,2022.0,
Предоставление услуг по тепловой обработке и прочим способам подготовки овощей и фруктов для консервирования,10.39.9,2023.0,
Производство растительных и животных масел и жиров,10.4,2021.0,0.01818181818181818
Производство растительных и животных масел и жиров,10.4,2022.0,0.03731343283582089
Производство растительных и животных масел и жиров,10.4,2023.0,0.019867549668874173
Производство растительных и животных масел и жиров,10.4,2024.0,0.017964071856287425
Производство масел и жиров,10.41,2021.0,0.021052631578947368
Производство масел и жиров,10.41,2022.0,0.035398230088495575
Производство масел и жиров,10.41,2023.0,0.015384615384615385
Производство масел и жиров,10.41,2024.0,0.013157894736842105
"Производство нерафинированных животных масел и жиров, их фракций",10.41.1,2021.0,
"Производство нерафинированных животных масел и жиров, их фракций",10.41.1,2022.0,
"Производство нерафинированных животных масел и жиров, их фракций",10.41.1,2023.0,
"Производство нерафинированных животных масел и жиров, их фракций",10.41.1,2024.0,
Производство нерафинированных растительных масел и их фракций,10.41.2,2021.0,0.038461538461538464
Производство нерафинированных растительных масел и их фракций,10.41.2,2022.0,0.05263157894736842
Производство нерафинированных растительных масел и их фракций,10.41.2,2023.0,0.028985507246376812
Производство нерафинированных растительных масел и их фракций,10.41.2,2024.0,0.011904761904761904
Производство нерафинированного соевого масла и его фракций,10.41.21,2021.0,
Производство нерафинированного соевого масла и его фракций,10.41.21,2022.0,
Производство нерафинированного соевого масла и его фракций,10.41.21,2023.0,
Производство нерафинированного соевого масла и его фракций,10.41.21,2024.0,
Производство нерафинированного подсолнечного масла и его фракций,10.41.24,2021.0,0.06451612903225806
Производство нерафинированного подсолнечного масла и его фракций,10.41.24,2022.0,0.08108108108108109
Производство нерафинированного подсолнечного масла и его фракций,10.41.24,2023.0,0.044444444444444446
Производство нерафинированного подсолнечного масла и его фракций,10.41.24,2024.0,0.02127659574468085
Производство нерафинированного рапсового сурепного и горчичного масла и их фракций,10.41.26,2021.0,
Производство нерафинированного рапсового сурепного и горчичного масла и их фракций,10.41.26,2022.0,
Производство нерафинированного рапсового сурепного и горчичного масла и их фракций,10.41.26,2024.0,
Производство прочих нерафинированных растительных масел и их фракций,10.41.29,2023.0,
Производство прочих нерафинированных растительных масел и их фракций,10.41.29,2024.0,
Производство жмыха и муки тонкого и грубого помола из семян или плодов масличных культур,10.41.4,2021.0,
Производство жмыха и муки тонкого и грубого помола из семян или плодов масличных культур,10.41.4,2022.0,
Производство жмыха и муки тонкого и грубого помола из семян или плодов масличных культур,10.41.4,2023.0,
Производство жмыха и муки тонкого и грубого помола из семян или плодов масличных культур,10.41.4,2024.0,
Производство рафинированных растительных масел и их фракций,10.41.5,2021.0,
Производство рафинированных растительных масел и их фракций,10.41.5,2022.0,0.03225806451612903
Производство рафинированных растительных масел и их фракций,10.41.5,2023.0,
Производство рафинированных растительных масел и их фракций,10.41.5,2024.0,0.03333333333333333
Производство рафинированного соевого масла и его фракций,10.41.51,2021.0,
Производство рафинированного соевого масла и его фракций,10.41.51,2022.0,
Производство рафинированного соевого масла и его фракций,10.41.51,2023.0,
Производство рафинированного соевого масла и его фракций,10.41.51,2024.0,
Производство рафинированного подсолнечного масла и его фракций,10.41.54,2021.0,
Производство рафинированного подсолнечного масла и его фракций,10.41.54,2022.0,0.043478260869565216
Производство рафинированного подсолнечного масла и его фракций,10.41.54,2023.0,
Производство рафинированного подсолнечного масла и его фракций,10.41.54,2024.0,0.041666666666666664
Производство прочих рафинированных растительных масел и их фракций,10.41.59,2021.0,
Производство прочих рафинированных растительных масел и их фракций,10.41.59,2022.0,
Производство прочих рафинированных растительных масел и их фракций,10.41.59,2023.0,
Производство прочих рафинированных растительных масел и их фракций,10.41.59,2024.0,
Производство гидрогенизированных и переэтерифицированных животных и растительных жиров и масел и их фракций,10.41.6,2021.0,
Производство маргариновой продукции,10.42,2021.0,
Производство маргариновой продукции,10.42,2022.0,0.047619047619047616
Производство маргариновой продукции,10.42,2023.0,0.047619047619047616
Производство маргариновой продукции,10.42,2024.0,0.06666666666666667
Производство молочной продукции,10.5,2021.0,0.05052631578947368
Производство молочной продукции,10.5,2022.0,0.09475806451612903
Производство молочной продукции,10.5,2023.0,0.07265774378585087
Производство молочной продукции,10.5,2024.0,0.06846846846846846
Производство молока (кроме сырого) и молочной продукции,10.51,2021.0,0.04460093896713615
Производство молока (кроме сырого) и молочной продукции,10.51,2022.0,0.09375
Производство молока (кроме сырого) и молочной продукции,10.51,2023.0,0.06512605042016807
Производство молока (кроме сырого) и молочной продукции,10.51,2024.0,0.07128712871287128
Производство питьевого молока и питьевых сливок,10.51.1,2021.0,0.05426356589147287
Производство питьевого молока и питьевых сливок,10.51.1,2022.0,0.10743801652892562
Производство питьевого молока и питьевых сливок,10.51.1,2023.0,0.056
Производство питьевого молока и питьевых сливок,10.51.1,2024.0,0.19402985074626866
"Производство сливочного масла, топленого масла, масляной пасты, молочного жира, спредов и топленых сливочно-растительных смесей",10.51.2,2021.0,0.05555555555555555
"Производство сливочного масла, топленого масла, масляной пасты, молочного жира, спредов и топленых сливочно-растительных смесей",10.51.2,2022.0,0.09090909090909091
"Производство сливочного масла, топленого масла, масляной пасты, молочного жира, спредов и топленых сливочно-растительных смесей",10.51.2,2023.0,0.08333333333333333
"Производство сливочного масла, топленого масла, масляной пасты, молочного жира, спредов и топленых сливочно-растительных смесей",10.51.2,2024.0,
Производство сыра и сырных продуктов,10.51.3,2021.0,0.012987012987012988
Производство сыра и сырных продуктов,10.51.3,2022.0,0.056818181818181816
Производство сыра и сырных продуктов,10.51.3,2023.0,0.07291666666666667
Производство сыра и сырных продуктов,10.51.3,2024.0,0.02912621359223301
Производство молока и сливок в твердой форме,10.51.4,2021.0,0.058823529411764705
Производство молока и сливок в твердой форме,10.51.4,2022.0,
Производство молока и сливок в твердой форме,10.51.4,2023.0,
Производство молока и сливок в твердой форме,10.51.4,2024.0,
Производство прочей молочной продукции,10.51.9,2021.0,0.057692307692307696
Производство прочей молочной продукции,10.51.9,2022.0,0.125
Производство прочей молочной продукции,10.51.9,2023.0,0.058823529411764705
Производство прочей молочной продукции,10.51.9,2024.0,0.03260869565217391
Производство мороженого,10.52,2021.0,0.10204081632653061
Производство мороженого,10.52,2022.0,0.10416666666666667
Производство мороженого,10.52,2023.0,0.14893617021276595
Производство мороженого,10.52,2024.0,0.04
"Производство продуктов мукомольной и крупяной промышленности, крахмала и крахмалосодержащих продуктов",10.6,2021.0,0.03164556962025317
"Производство продуктов мукомольной и крупяной промышленности, крахмала и крахмалосодержащих продуктов",10.6,2022.0,0.10457516339869281
"Производство продуктов мукомольной и крупяной промышленности, крахмала и крахмалосодержащих продуктов",10.6,2023.0,0.06358381502890173
"Производство продуктов мукомольной и крупяной промышленности, крахмала и крахмалосодержащих продуктов",10.6,2024.0,0.04
Производство продуктов мукомольной и крупяной промышленности,10.61,2021.0,0.028985507246376812
Производство продуктов мукомольной и крупяной промышленности,10.61,2022.0,0.11940298507462686
Производство продуктов мукомольной и крупяной промышленности,10.61,2023.0,0.06578947368421052
Производство продуктов мукомольной и крупяной промышленности,10.61,2024.0,0.046052631578947366
Производство обработанного риса,10.61.1,2021.0,
Производство обработанного риса,10.61.1,2022.0,
Производство обработанного риса,10.61.1,2023.0,
Производство обработанного риса,10.61.1,2024.0,
Производство муки из зерновых культур,10.61.2,2021.0,0.03260869565217391
Производство муки из зерновых культур,10.61.2,2022.0,0.13978494623655913
Производство муки из зерновых культур,10.61.2,2023.0,0.07216494845360824
Производство муки из зерновых культур,10.61.2,2024.0,0.041237113402061855
Производство крупы и гранул из зерновых культур,10.61.3,2021.0,0.037037037037037035
Производство крупы и гранул из зерновых культур,10.61.3,2022.0,0.03571428571428571
Производство крупы и гранул из зерновых культур,10.61.3,2023.0,0.06060606060606061
Производство крупы и гранул из зерновых культур,10.61.3,2024.0,0.08823529411764706
"Производство мучных смесей и приготовление мучных смесей или теста для хлеба, тортов, бисквитов и блинов",10.61.4,2021.0,
"Производство мучных смесей и приготовление мучных смесей или теста для хлеба, тортов, бисквитов и блинов",10.61.4,2022.0,
"Производство мучных смесей и приготовление мучных смесей или теста для хлеба, тортов, бисквитов и блинов",10.61.4,2023.0,0.16666666666666666
"Производство мучных смесей и приготовление мучных смесей или теста для хлеба, тортов, бисквитов и блинов",10.61.4,2024.0,
Производство крахмала и крахмалосодержащих продуктов,10.62,2021.0,0.05
Производство крахмала и крахмалосодержащих продуктов,10.62,2022.0,
Производство крахмала и крахмалосодержащих продуктов,10.62,2023.0,0.047619047619047616
Производство крахмала и крахмалосодержащих продуктов,10.62,2024.0,
Производство крахмала,10.62.1,2021.0,
Производство крахмала,10.62.1,2022.0,
Производство крахмала,10.62.1,2023.0,
Производство крахмала,10.62.1,2024.0,
Производство прочих крахмалосодержащих продуктов,10.62.9,2021.0,
Производство прочих крахмалосодержащих продуктов,10.62.9,2022.0,
Производство прочих крахмалосодержащих продуктов,10.62.9,2023.0,
Производство прочих крахмалосодержащих продуктов,10.62.9,2024.0,
Производство хлебобулочных и мучных кондитерских изделий,10.7,2021.0,0.0379746835443038
Производство хлебобулочных и мучных кондитерских изделий,10.7,2022.0,0.07076350093109869
Производство хлебобулочных и мучных кондитерских изделий,10.7,2023.0,0.03130755064456722
Производство хлебобулочных и мучных кондитерских изделий,10.7,2024.0,0.01838235294117647
"Производство хлеба и мучных кондитерских изделий, тортов и пирожных недлительного хранения",10.71,2021.0,0.03875968992248062
"Производство хлеба и мучных кондитерских изделий, тортов и пирожных недлительного хранения",10.71,2022.0,0.06318681318681318
"Производство хлеба и мучных кондитерских изделий, тортов и пирожных недлительного хранения",10.71,2023.0,0.033426183844011144
"Производство хлеба и мучных кондитерских изделий, тортов и пирожных недлительного хранения",10.71,2024.0,0.02865329512893983
Производство хлеба и хлебобулочных изделий недлительного хранения,10.71.1,2021.0,0.0375
Производство хлеба и хлебобулочных изделий недлительного хранения,10.71.1,2022.0,0.07236842105263158
Производство хлеба и хлебобулочных изделий недлительного хранения,10.71.1,2023.0,0.037800687285223365
Производство хлеба и хлебобулочных изделий недлительного хранения,10.71.1,2024.0,0.03225806451612903
"Производство мучных кондитерских изделий, тортов и пирожных недлительного хранения",10.71.2,2021.0,0.03571428571428571
"Производство мучных кондитерских изделий, тортов и пирожных недлительного хранения",10.71.2,2022.0,
"Производство мучных кондитерских изделий, тортов и пирожных недлительного хранения",10.71.2,2023.0,0.029411764705882353
"Производство мучных кондитерских изделий, тортов и пирожных недлительного хранения",10.71.2,2024.0,0.02702702702702703
Производство охлажденных хлебобулочных полуфабрикатов,10.71.3,2023.0,
Производство охлажденных хлебобулочных полуфабрикатов,10.71.3,2024.0,
"Производство сухарей, печенья и прочих сухарных хлебобулочных изделий, производство мучных кондитерских изделий, тортов, пирожных, пирогов и бисквитов, предназначенных для длительного хранения",10.72,2021.0,0.047244094488188976
"Производство сухарей, печенья и прочих сухарных хлебобулочных изделий, производство мучных кондитерских изделий, тортов, пирожных, пирогов и бисквитов, предназначенных для длительного хранения",10.72,2022.0,0.08823529411764706
"Производство сухарей, печенья и прочих сухарных хлебобулочных изделий, производство мучных кондитерских изделий, тортов, пирожных, пирогов и бисквитов, предназначенных для длительного хранения",10.72,2023.0,0.03355704697986577
"Производство сухарей, печенья и прочих сухарных хлебобулочных изделий, производство мучных кондитерских изделий, тортов, пирожных, пирогов и бисквитов, предназначенных для длительного хранения",10.72,2024.0,
"Производство хрустящих хлебцев, сухарей и прочих сухарных хлебобулочных изделий",10.72.1,2021.0,0.05555555555555555
"Производство хрустящих хлебцев, сухарей и прочих сухарных хлебобулочных изделий",10.72.1,2022.0,0.11428571428571428
"Производство хрустящих хлебцев, сухарей и прочих сухарных хлебобулочных изделий",10.72.1,2023.0,0.047619047619047616
"Производство хрустящих хлебцев, сухарей и прочих сухарных хлебобулочных изделий",10.72.1,2024.0,
Производство тортов и пирожных длительного хранения,10.72.2,2021.0,
Производство тортов и пирожных длительного хранения,10.72.2,2022.0,
Производство тортов и пирожных длительного хранения,10.72.2,2023.0,
Производство тортов и пирожных длительного хранения,10.72.2,2024.0,
Производство прочих мучных кондитерских изделий длительного хранения,10.72.3,2021.0,0.05357142857142857
Производство прочих мучных кондитерских изделий длительного хранения,10.72.3,2022.0,0.06779661016949153
Производство прочих мучных кондитерских изделий длительного хранения,10.72.3,2023.0,0.04838709677419355
Производство прочих мучных кондитерских изделий длительного хранения,10.72.3,2024.0,
Производство печенья,10.72.31,2021.0,0.03225806451612903
Производство печенья,10.72.31,2022.0,0.0967741935483871
Производство печенья,10.72.31,2023.0,0.06060606060606061
Производство печенья,10.72.31,2024.0,
Производство пряников и коврижек,10.72.32,2021.0,
Производство пряников и коврижек,10.72.32,2022.0,
Производство пряников и коврижек,10.72.32,2023.0,
Производство пряников и коврижек,10.72.32,2024.0,
Производство вафель,10.72.33,2021.0,
Производство вафель,10.72.33,2022.0,
Производство вафель,10.72.33,2023.0,
Производство вафель,10.72.33,2024.0,
Производство галет и крекеров,10.72.34,2021.0,
Производство галет и крекеров,10.72.34,2022.0,
Производство галет и крекеров,10.72.34,2023.0,
Производство галет и крекеров,10.72.34,2024.0,
"Производство кексов, рулетов и аналогичных изделий длительного хранения",10.72.35,2021.0,0.18181818181818182
"Производство кексов, рулетов и аналогичных изделий длительного хранения",10.72.35,2022.0,
"Производство кексов, рулетов и аналогичных изделий длительного хранения",10.72.35,2023.0,0.0625
"Производство кексов, рулетов и аналогичных изделий длительного хранения",10.72.35,2024.0,
Производство восточных сладостей и прочих мучных кондитерских изделий,10.72.39,2022.0,1.0
Производство восточных сладостей и прочих мучных кондитерских изделий,10.72.39,2023.0,
Производство восточных сладостей и прочих мучных кондитерских изделий,10.72.39,2024.0,
Производство замороженных хлебобулочных полуфабрикатов,10.72.4,2021.0,
Производство замороженных хлебобулочных полуфабрикатов,10.72.4,2022.0,0.25
Производство замороженных хлебобулочных полуфабрикатов,10.72.4,2023.0,
Производство замороженных хлебобулочных полуфабрикатов,10.72.4,2024.0,
Производство макаронных изделий кускуса и аналогичных мучных изделий,10.73,2021.0,
Производство макаронных изделий кускуса и аналогичных мучных изделий,10.73,2022.0,0.08108108108108109
Производство макаронных изделий кускуса и аналогичных мучных изделий,10.73,2023.0,
Производство макаронных изделий кускуса и аналогичных мучных изделий,10.73,2024.0,
Производство макаронных изделий,10.73.1,2021.0,
Производство макаронных изделий,10.73.1,2022.0,0.08571428571428572
Производство макаронных изделий,10.73.1,2023.0,
Производство макаронных изделий,10.73.1,2024.0,
Производство консервированных или замороженных макаронных изделий,10.73.3,2021.0,
Производство консервированных или замороженных макаронных изделий,10.73.3,2022.0,
Производство консервированных или замороженных макаронных изделий,10.73.3,2023.0,
Производство консервированных или замороженных макаронных изделий,10.73.3,2024.0,
Производство прочих пищевых продуктов,10.8,2021.0,0.022448979591836733
Производство прочих пищевых продуктов,10.8,2022.0,0.053604436229205174
Производство прочих пищевых продуктов,10.8,2023.0,0.033928571428571426
Производство прочих пищевых продуктов,10.8,2024.0,0.03993344425956739
Производство сахара,10.81,2021.0,0.014925373134328358
Производство сахара,10.81,2022.0,0.07352941176470588
Производство сахара,10.81,2023.0,0.046875
Производство сахара,10.81,2024.0,0.045454545454545456
Производство сахара из сахарной свеклы и тростникового сырца,10.81.1,2021.0,0.015384615384615385
Производство сахара из сахарной свеклы и тростникового сырца,10.81.1,2022.0,0.078125
Производство сахара из сахарной свеклы и тростникового сырца,10.81.1,2023.0,0.047619047619047616
Производство сахара из сахарной свеклы и тростникового сырца,10.81.1,2024.0,0.05
Производство сахара из сахарной свеклы,10.81.11,2021.0,0.015625
Производство сахара из сахарной свеклы,10.81.11,2022.0,0.078125
Производство сахара из сахарной свеклы,10.81.11,2023.0,0.047619047619047616
Производство сахара из сахарной свеклы,10.81.11,2024.0,0.05
Производство сахара из тростникового сырца,10.81.12,2021.0,
"Производство какао, шоколада и сахаристых кондитерских изделий",10.82,2021.0,0.024844720496894408
"Производство какао, шоколада и сахаристых кондитерских изделий",10.82,2022.0,0.025157232704402517
"Производство какао, шоколада и сахаристых кондитерских изделий",10.82,2023.0,0.03067484662576687
"Производство какао, шоколада и сахаристых кондитерских изделий",10.82,2024.0,0.03389830508474576
"Производство какао, масла какао, жира какао, растительного масла какао, порошка какао",10.82.1,2021.0,
"Производство какао, масла какао, жира какао, растительного масла какао, порошка какао",10.82.1,2023.0,
"Производство какао, масла какао, жира какао, растительного масла какао, порошка какао",10.82.1,2024.0,
Производство шоколада и сахаристых кондитерских изделий,10.82.2,2021.0,0.028169014084507043
Производство шоколада и сахаристых кондитерских изделий,10.82.2,2022.0,0.027777777777777776
Производство шоколада и сахаристых кондитерских изделий,10.82.2,2023.0,0.034722222222222224
Производство шоколада и сахаристых кондитерских изделий,10.82.2,2024.0,0.039735099337748346
Производство кондитерских изделий из сахара,10.82.3,2021.0,
Производство кондитерских изделий из сахара,10.82.3,2022.0,
Производство кондитерских изделий из сахара,10.82.3,2023.0,
Производство кондитерских изделий из сахара,10.82.3,2024.0,
Производство жевательной резинки,10.82.4,2021.0,
Производство жевательной резинки,10.82.4,2022.0,
Производство жевательной резинки,10.82.4,2023.0,
Производство жевательной резинки,10.82.4,2024.0,
Производство чая и кофе,10.83,2021.0,
Производство чая и кофе,10.83,2022.0,0.0425531914893617
Производство чая и кофе,10.83,2023.0,
Производство чая и кофе,10.83,2024.0,0.0196078431372549
Производство приправ и пряностей,10.84,2021.0,0.07142857142857142
Производство приправ и пряностей,10.84,2022.0,0.022727272727272728
Производство приправ и пряностей,10.84,2023.0,
Производство приправ и пряностей,10.84,2024.0,0.018518518518518517
Производство готовых пищевых продуктов и блюд,10.85,2021.0,
Производство готовых пищевых продуктов и блюд,10.85,2022.0,0.05
Производство готовых пищевых продуктов и блюд,10.85,2023.0,
Производство готовых пищевых продуктов и блюд,10.85,2024.0,0.10344827586206896
Производство детского питания и диетических пищевых продуктов,10.86,2021.0,
Производство детского питания и диетических пищевых продуктов,10.86,2022.0,0.05357142857142857
Производство детского питания и диетических пищевых продуктов,10.86,2023.0,0.0847457627118644
Производство детского питания и диетических пищевых продуктов,10.86,2024.0,0.06779661016949153
Производство молока и молочных продуктов для детского питания,10.86.1,2021.0,
Производство молока и молочных продуктов для детского питания,10.86.1,2022.0,0.1111111111111111
Производство молока и молочных продуктов для детского питания,10.86.1,2023.0,
Производство молока и молочных продуктов для детского питания,10.86.1,2024.0,0.1111111111111111
Производство молока и молочных продуктов для детей раннего возраста,10.86.11,2021.0,
Производство молока и молочных продуктов для детей раннего возраста,10.86.11,2022.0,
Производство молока и молочных продуктов для детей раннего возраста,10.86.11,2023.0,
Производство молока и молочных продуктов для детей раннего возраста,10.86.11,2024.0,0.14285714285714285
Производство молока и молочных продуктов для детей дошкольного и школьного возраста,10.86.12,2021.0,
Производство соковой продукции из фруктов и овощей для детского питания,10.86.2,2021.0,
Производство соковой продукции из фруктов и овощей для детского питания,10.86.2,2022.0,0.027777777777777776
Производство соковой продукции из фруктов и овощей для детского питания,10.86.2,2023.0,0.027777777777777776
Производство соковой продукции из фруктов и овощей для детского питания,10.86.2,2024.0,0.03225806451612903
"Производство мясной продукции для детского питания, в том числе из мяса птицы",10.86.3,2021.0,
"Производство мясной продукции для детского питания, в том числе из мяса птицы",10.86.3,2022.0,
"Производство мясной продукции для детского питания, в том числе из мяса птицы",10.86.3,2023.0,
"Производство мясной продукции для детского питания, в том числе из мяса птицы",10.86.3,2024.0,
Производство продуктов на злаковой основе для детского питания,10.86.4,2021.0,
Производство продуктов на злаковой основе для детского питания,10.86.4,2022.0,0.3333333333333333
Производство продуктов на злаковой основе для детского питания,10.86.4,2023.0,0.3333333333333333
Производство продуктов на злаковой основе для детского питания,10.86.4,2024.0,
Производство продуктов детского питания профилактического и лечебного назначения,10.86.5,2023.0,1.0
Производство продуктов детского питания профилактического и лечебного назначения,10.86.5,2024.0,
"Производство специализированной пищевой продукции, в том числе диетических пищевых продуктов",10.86.6,2021.0,
"Производство специализированной пищевой продукции, в том числе диетических пищевых продуктов",10.86.6,2022.0,
"Производство специализированной пищевой продукции, в том числе диетических пищевых продуктов",10.86.6,2023.0,0.4
"Производство специализированной пищевой продукции, в том числе диетических пищевых продуктов",10.86.6,2024.0,0.14285714285714285
Производство пищевой продукции диетического и диабетического питания,10.86.61,2022.0,
Производство пищевой продукции диетического и диабетического питания,10.86.61,2023.0,
Производство пищевой продукции диетического и диабетического питания,10.86.61,2024.0,
Производство пищевой продукции для питания спортсменов,10.86.62,2022.0,
Производство пищевой продукции для питания спортсменов,10.86.62,2023.0,1.0
Производство пищевой продукции для питания спортсменов,10.86.62,2024.0,1.0
Производство прочих диетических пищевых продуктов,10.86.69,2023.0,1.0
Производство прочих диетических пищевых продуктов,10.86.69,2024.0,
"Производство воды питьевой, напитков безалкогольных для детского питания",10.86.7,2024.0,
"Производство прочих пищевых продуктов, не включенных в другие группировки",10.89,2021.0,0.027777777777777776
"Производство прочих пищевых продуктов, не включенных в другие группировки",10.89,2022.0,0.08843537414965986
"Производство прочих пищевых продуктов, не включенных в другие группировки",10.89,2023.0,0.04081632653061224
"Производство прочих пищевых продуктов, не включенных в другие группировки",10.89,2024.0,0.03636363636363636
Производство супов и бульонов,10.89.1,2021.0,
Производство супов и бульонов,10.89.1,2022.0,
Производство супов и бульонов,10.89.1,2023.0,
Производство супов и бульонов,10.89.1,2024.0,
"Производство скоропортящихся продуктов, таких как: сэндвичи и свежая пицца (полуфабрикат)",10.89.2,2021.0,
"Производство скоропортящихся продуктов, таких как: сэндвичи и свежая пицца (полуфабрикат)",10.89.2,2022.0,
"Производство скоропортящихся продуктов, таких как: сэндвичи и свежая пицца (полуфабрикат)",10.89.2,2023.0,
"Производство скоропортящихся продуктов, таких как: сэндвичи и свежая пицца (полуфабрикат)",10.89.2,2024.0,
"Производство растительных соков и экстрактов, пептических веществ, растительных клеев и загустителей",10.89.3,2021.0,
"Производство растительных соков и экстрактов, пептических веществ, растительных клеев и загустителей",10.89.3,2022.0,
"Производство растительных соков и экстрактов, пептических веществ, растительных клеев и загустителей",10.89.3,2023.0,
"Производство растительных соков и экстрактов, пептических веществ, растительных клеев и загустителей",10.89.3,2024.0,
Производство пищевых ферментов,10.89.4,2021.0,
Производство пищевых ферментов,10.89.4,2022.0,0.25
Производство пищевых ферментов,10.89.4,2023.0,
Производство пищевых ферментов,10.89.4,2024.0,0.2
Производство искусственного меда и карамели,10.89.5,2023.0,
Производство искусственного меда и карамели,10.89.5,2024.0,
"Переработка меда (темперирование, фильтрация, декристаллизация и смешивание меда)",10.89.6,2021.0,
"Переработка меда (темперирование, фильтрация, декристаллизация и смешивание меда)",10.89.6,2022.0,
"Переработка меда (темперирование, фильтрация, декристаллизация и смешивание меда)",10.89.6,2023.0,
"Переработка меда (темперирование, фильтрация, декристаллизация и смешивание меда)",10.89.6,2024.0,
Производство рационов питания и пайков,10.89.7,2021.0,
Производство рационов питания и пайков,10.89.7,2022.0,0.5
Производство рационов питания и пайков,10.89.7,2023.0,
Производство рационов питания и пайков,10.89.7,2024.0,
Производство биологически активных добавок к пище,10.89.8,2021.0,
Производство биологически активных добавок к пище,10.89.8,2022.0,0.1
Производство биологически активных добавок к пище,10.89.8,2023.0,
Производство биологически активных добавок к пище,10.89.8,2024.0,0.14285714285714285
"Производство прочих продуктов питания, не включенных в другие группировки",10.89.9,2021.0,0.047619047619047616
"Производство прочих продуктов питания, не включенных в другие группировки",10.89.9,2022.0,0.09
"Производство прочих продуктов питания, не включенных в другие группировки",10.89.9,2023.0,0.06
"Производство прочих продуктов питания, не включенных в другие группировки",10.89.9,2024.0,0.030303030303030304
Производство готовых кормов для животных,10.9,2021.0,
Производство готовых кормов для животных,10.9,2022.0,0.06040268456375839
Производство готовых кормов для животных,10.9,2023.0,0.03896103896103896
Производство готовых кормов для животных,10.9,2024.0,0.05952380952380952
"Производство готовых кормов для животных, содержащихся на фермах",10.91,2021.0,
"Производство готовых кормов для животных, содержащихся на фермах",10.91,2022.0,0.023255813953488372
"Производство готовых кормов для животных, содержащихся на фермах",10.91,2023.0,0.03007518796992481
"Производство готовых кормов для животных, содержащихся на фермах",10.91,2024.0,0.07518796992481203
"Производство готовых кормов (смешанных и несмешанных), кроме муки и гранул из люцерны, для животных, содержащихся на фермах",10.91.1,2021.0,
"Производство готовых кормов (смешанных и несмешанных), кроме муки и гранул из люцерны, для животных, содержащихся на фермах",10.91.1,2022.0,0.019801980198019802
"Производство готовых кормов (смешанных и несмешанных), кроме муки и гранул из люцерны, для животных, содержащихся на фермах",10.91.1,2023.0,0.038834951456310676
"Производство готовых кормов (смешанных и несмешанных), кроме муки и гранул из люцерны, для животных, содержащихся на фермах",10.91.1,2024.0,0.042105263157894736
Производство муки грубого помола и гранул из люцерны,10.91.2,2023.0,
"Производство кормового микробиологического белка, премиксов, кормовых витаминов, антибиотиков, аминокислот и ферментов",10.91.3,2021.0,
"Производство кормового микробиологического белка, премиксов, кормовых витаминов, антибиотиков, аминокислот и ферментов",10.91.3,2022.0,0.05263157894736842
"Производство кормового микробиологического белка, премиксов, кормовых витаминов, антибиотиков, аминокислот и ферментов",10.91.3,2023.0,
"Производство кормового микробиологического белка, премиксов, кормовых витаминов, антибиотиков, аминокислот и ферментов",10.91.3,2024.0,0.18518518518518517
Производство готовых кормов для непродуктивных животных,10.92,2021.0,
Производство готовых кормов для непродуктивных животных,10.92,2022.0,0.3
Производство готовых кормов для непродуктивных животных,10.92,2023.0,0.09523809523809523
Производство готовых кормов для непродуктивных животных,10.92,2024.0,
Производство напитков,11.0,2021.0,0.12257100149476831
Производство напитков,11.0,2022.0,0.10845295055821372
Производство напитков,11.0,2023.0,0.06379585326953748
Производство напитков,11.0,2024.0,0.07348242811501597
"Перегонка, очистка и смешивание спиртов",11.01,2021.0,0.048
"Перегонка, очистка и смешивание спиртов",11.01,2022.0,0.07142857142857142
"Перегонка, очистка и смешивание спиртов",11.01,2023.0,0.056
"Перегонка, очистка и смешивание спиртов",11.01,2024.0,0.059322033898305086
"Производство дистиллированных питьевых алкогольных напитков: водки, виски, бренди, джина, ликеров и т. п.",11.01.1,2021.0,0.06097560975609756
"Производство дистиллированных питьевых алкогольных напитков: водки, виски, бренди, джина, ликеров и т. п.",11.01.1,2022.0,0.06976744186046512
"Производство дистиллированных питьевых алкогольных напитков: водки, виски, бренди, джина, ликеров и т. п.",11.01.1,2023.0,0.07526881720430108
"Производство дистиллированных питьевых алкогольных напитков: водки, виски, бренди, джина, ликеров и т. п.",11.01.1,2024.0,0.07692307692307693
"Производство напитков, смешанных с дистиллированными алкогольными напитками",11.01.2,2023.0,
"Производство напитков, смешанных с дистиллированными алкогольными напитками",11.01.2,2024.0,
Производство пищевого спирта,11.01.4,2021.0,0.023809523809523808
Производство пищевого спирта,11.01.4,2022.0,0.07692307692307693
Производство пищевого спирта,11.01.4,2023.0,
Производство пищевого спирта,11.01.4,2024.0,
Производство вина из винограда,11.02,2021.0,0.015873015873015872
Производство вина из винограда,11.02,2022.0,0.0847457627118644
Производство вина из винограда,11.02,2023.0,0.029850746268656716
Производство вина из винограда,11.02,2024.0,0.014925373134328358
Производство сидра и прочих плодовых вин,11.03,2021.0,
Производство сидра и прочих плодовых вин,11.03,2022.0,0.16666666666666666
Производство сидра и прочих плодовых вин,11.03,2023.0,
Производство сидра и прочих плодовых вин,11.03,2024.0,
Производство прочих недистиллированных напитков из сброженных материалов,11.04,2021.0,0.5
Производство прочих недистиллированных напитков из сброженных материалов,11.04,2022.0,1.0
Производство прочих недистиллированных напитков из сброженных материалов,11.04,2023.0,
Производство пива,11.05,2021.0,0.10749185667752444
Производство пива,11.05,2022.0,0.08823529411764706
Производство пива,11.05,2023.0,0.0149812734082397
Производство пива,11.05,2024.0,0.018796992481203006
Производство солода,11.06,2021.0,
Производство солода,11.06,2022.0,
Производство солода,11.06,2023.0,
Производство солода,11.06,2024.0,
"Производство безалкогольных напитков; производство упакованных питьевых вод, включая минеральные воды.",11.07,2021.0,0.2645161290322581
"Производство безалкогольных напитков; производство упакованных питьевых вод, включая минеральные воды.",11.07,2022.0,0.18181818181818182
"Производство безалкогольных напитков; производство упакованных питьевых вод, включая минеральные воды.",11.07,2023.0,0.18
"Производство безалкогольных напитков; производство упакованных питьевых вод, включая минеральные воды.",11.07,2024.0,0.20625
"Производство упакованных питьевых вод, включая минеральные воды",11.07.1,2021.0,0.06
"Производство упакованных питьевых вод, включая минеральные воды",11.07.1,2022.0,0.05263157894736842
"Производство упакованных питьевых вод, включая минеральные воды",11.07.1,2023.0,0.03636363636363636
"Производство упакованных питьевых вод, включая минеральные воды",11.07.1,2024.0,0.03571428571428571
Производство упакованных природных минеральных вод,11.07.11,2023.0,0.06896551724137931
Производство упакованных природных минеральных вод,11.07.11,2024.0,0.041666666666666664
Производство упакованных природных питьевых вод,11.07.12,2023.0,
Производство упакованных природных питьевых вод,11.07.12,2024.0,
Производство упакованных обработанных питьевых вод,11.07.13,2023.0,
Производство упакованных обработанных питьевых вод,11.07.13,2024.0,
Производство упакованных купажированных питьевых вод,11.07.14,2024.0,
"Производство безалкогольных напитков ароматизированных и/или с добавлением сахара, кроме минеральных вод",11.07.2,2021.0,0.3838383838383838
"Производство безалкогольных напитков ароматизированных и/или с добавлением сахара, кроме минеральных вод",11.07.2,2022.0,0.2808988764044944
"Производство безалкогольных напитков ароматизированных и/или с добавлением сахара, кроме минеральных вод",11.07.2,2023.0,0.28735632183908044
"Производство безалкогольных напитков ароматизированных и/или с добавлением сахара, кроме минеральных вод",11.07.2,2024.0,0.3118279569892473
Применение информационных и коммуникационных технологий по видам  экономической деятельности,114.АГ,2020.0,0.0544478194473683
Применение информационных и коммуникационных технологий по видам  экономической деятельности,114.АГ,2021.0,0.06917563881131862
Применение информационных и коммуникационных технологий по видам  экономической деятельности,114.АГ,2022.0,0.0830980120054218
Всего по обследуемым видам экономической деятельности,114.АГ,2023.0,0.06164444194075373
Применение информационных и коммуникационных технологий по видам  экономической деятельности,114.АГ,2024.0,0.058085187014090656
Производство табачных изделий,12.00,2021.0,
Производство табачных изделий,12.00,2022.0,0.08695652173913043
Производство табачных изделий,12.00,2023.0,
Производство табачных изделий,12.00,2024.0,
"Производство изделий из табака и махорки: сигарет, папирос, сигар, сигарилл, курительного тонкорезаного табака, трубочного табака, жевательного табака, сосательного табака, нюхательного табака, табака для кальяна, курительной и нюхательной махорки",12.00.1,2021.0,
"Производство изделий из табака и махорки: сигарет, папирос, сигар, сигарилл, курительного тонкорезаного табака, трубочного табака, жевательного табака, сосательного табака, нюхательного табака, табака для кальяна, курительной и нюхательной махорки",12.00.1,2022.0,0.125
"Производство изделий из табака и махорки: сигарет, папирос, сигар, сигарилл, курительного тонкорезаного табака, трубочного табака, жевательного табака, сосательного табака, нюхательного табака, табака для кальяна, курительной и нюхательной махорки",12.00.1,2023.0,
"Производство изделий из табака и махорки: сигарет, папирос, сигар, сигарилл, курительного тонкорезаного табака, трубочного табака, жевательного табака, сосательного табака, нюхательного табака, табака для кальяна, курительной и нюхательной махорки",12.00.1,2024.0,
Производство гомогенизированного или восстановленного табака,12.00.2,2021.0,
Производство гомогенизированного или восстановленного табака,12.00.2,2022.0,
Производство гомогенизированного или восстановленного табака,12.00.2,2023.0,
Производство гомогенизированного или восстановленного табака,12.00.2,2024.0,
Стрипсование (удаление главной жилки) и редраинг-обработка табака,12.00.3,2022.0,
Производство текстильных изделий,13,2021.0,0.031746031746031744
Производство текстильных изделий,13,2022.0,0.08203125
Производство текстильных изделий,13,2023.0,0.024734982332155476
Производство текстильных изделий,13,2024.0,0.025889967637540454
Подготовка и прядение текстильных волокон,13.10,2021.0,0.15384615384615385
Подготовка и прядение текстильных волокон,13.10,2022.0,0.18181818181818182
Подготовка и прядение текстильных волокон,13.10,2023.0,
Подготовка и прядение текстильных волокон,13.10,2024.0,
Прядение хлопчатобумажных волокон,13.10.1,2021.0,
Прядение хлопчатобумажных волокон,13.10.1,2022.0,
Прядение хлопчатобумажных волокон,13.10.1,2023.0,
Прядение хлопчатобумажных волокон,13.10.1,2024.0,
Прядение кардное шерстяных волокон,13.10.2,2021.0,
Прядение кардное шерстяных волокон,13.10.2,2022.0,
Прядение гребенное шерстяных волокон,13.10.3,2021.0,0.4
Прядение гребенное шерстяных волокон,13.10.3,2022.0,0.4
Прядение гребенное шерстяных волокон,13.10.3,2023.0,
Прядение гребенное шерстяных волокон,13.10.3,2024.0,
Прядение льняных волокон,13.10.4,2021.0,
Прядение льняных волокон,13.10.4,2022.0,
Прядение льняных волокон,13.10.4,2023.0,
"Изготовление натуральных шелковых, искусственных и синтетических волокон",13.10.5,2021.0,
"Изготовление натуральных шелковых, искусственных и синтетических волокон",13.10.5,2022.0,
"Изготовление натуральных шелковых, искусственных и синтетических волокон",13.10.5,2023.0,
"Изготовление натуральных шелковых, искусственных и синтетических волокон",13.10.5,2024.0,
Производство швейных ниток,13.10.6,2021.0,
Производство швейных ниток,13.10.6,2022.0,
Производство швейных ниток,13.10.6,2023.0,
Производство швейных ниток,13.10.6,2024.0,
Подготовка и прядение прочих текстильных волокон,13.10.9,2024.0,
Производство текстильных тканей,13.20,2021.0,0.022222222222222223
Производство текстильных тканей,13.20,2022.0,0.044444444444444446
Производство текстильных тканей,13.20,2023.0,0.015384615384615385
Производство текстильных тканей,13.20,2024.0,0.0410958904109589
"Производство тканей (без специальных тканей) из натуральных волокон, кроме хлопка",13.20.1,2021.0,
"Производство тканей (без специальных тканей) из натуральных волокон, кроме хлопка",13.20.1,2022.0,
"Производство тканей (без специальных тканей) из натуральных волокон, кроме хлопка",13.20.1,2023.0,
"Производство тканей (без специальных тканей) из натуральных волокон, кроме хлопка",13.20.1,2024.0,
Производство шелковых тканей,13.20.11,2021.0,
Производство шелковых тканей,13.20.11,2022.0,
Производство шелковых тканей,13.20.11,2023.0,
Производство шелковых тканей,13.20.11,2024.0,
Производство шерстяных тканей,13.20.12,2021.0,
Производство шерстяных тканей,13.20.12,2022.0,
Производство шерстяных тканей,13.20.12,2023.0,
Производство шерстяных тканей,13.20.12,2024.0,
Производство льняных тканей,13.20.13,2021.0,
Производство льняных тканей,13.20.13,2022.0,
Производство льняных тканей,13.20.13,2023.0,
Производство льняных тканей,13.20.13,2024.0,
Производство ткани из прочих растительных текстильных волокон; ткани из бумажной пряжи,13.20.19,2021.0,
Производство ткани из прочих растительных текстильных волокон; ткани из бумажной пряжи,13.20.19,2022.0,
Производство хлопчатобумажных тканей,13.20.2,2021.0,0.018867924528301886
Производство хлопчатобумажных тканей,13.20.2,2022.0,0.05555555555555555
Производство хлопчатобумажных тканей,13.20.2,2023.0,0.034482758620689655
Производство хлопчатобумажных тканей,13.20.2,2024.0,0.027777777777777776
"Производство тканей, за исключением специальных тканей, из химических комплексных нитей и штапельных волокон",13.20.3,2021.0,0.058823529411764705
"Производство тканей, за исключением специальных тканей, из химических комплексных нитей и штапельных волокон",13.20.3,2022.0,
"Производство тканей, за исключением специальных тканей, из химических комплексных нитей и штапельных волокон",13.20.3,2023.0,
"Производство тканей, за исключением специальных тканей, из химических комплексных нитей и штапельных волокон",13.20.3,2024.0,0.0625
"Производство ворсовых, махровых полотенечных тканей и прочих специальных тканей",13.20.4,2021.0,
"Производство ворсовых, махровых полотенечных тканей и прочих специальных тканей",13.20.4,2022.0,0.1111111111111111
"Производство ворсовых, махровых полотенечных тканей и прочих специальных тканей",13.20.4,2023.0,
"Производство ворсовых, махровых полотенечных тканей и прочих специальных тканей",13.20.4,2024.0,0.125
Производство ворсовых тканей и ткани из синели,13.20.41,2023.0,
Производство ворсовых тканей и ткани из синели,13.20.41,2024.0,
Производство хлопчатобумажных махровых полотенечных тканей,13.20.42,2022.0,
Производство хлопчатобумажных махровых полотенечных тканей,13.20.42,2023.0,
Производство хлопчатобумажных махровых полотенечных тканей,13.20.42,2024.0,
Производство марли,13.20.44,2021.0,
Производство марли,13.20.44,2022.0,0.5
Производство марли,13.20.44,2023.0,
Производство марли,13.20.44,2024.0,0.5
Производство тканей из стекловолокна,13.20.46,2021.0,
Производство тканей из стекловолокна,13.20.46,2022.0,
Производство тканей из стекловолокна,13.20.46,2023.0,
Производство тканей из стекловолокна,13.20.46,2024.0,
Отделка тканей и текстильных изделий,13.30,2021.0,
Отделка тканей и текстильных изделий,13.30,2022.0,0.125
Отделка тканей и текстильных изделий,13.30,2023.0,
Отделка тканей и текстильных изделий,13.30,2024.0,
"Отбеливание и окрашивание текстиля, волокон, тканей и текстильных изделий, включая готовую одежду",13.30.1,2021.0,
"Отбеливание и окрашивание текстиля, волокон, тканей и текстильных изделий, включая готовую одежду",13.30.1,2022.0,0.25
"Отбеливание и окрашивание текстиля, волокон, тканей и текстильных изделий, включая готовую одежду",13.30.1,2023.0,
"Отбеливание и окрашивание текстиля, волокон, тканей и текстильных изделий, включая готовую одежду",13.30.1,2024.0,
"Нанесение водозащитного слоя, специальных покрытий, прорезинивание, пропитка приобретенной одежды",13.30.4,2021.0,
"Нанесение водозащитного слоя, специальных покрытий, прорезинивание, пропитка приобретенной одежды",13.30.4,2022.0,
"Нанесение водозащитного слоя, специальных покрытий, прорезинивание, пропитка приобретенной одежды",13.30.4,2023.0,
"Нанесение водозащитного слоя, специальных покрытий, прорезинивание, пропитка приобретенной одежды",13.30.4,2024.0,
Производство прочих текстильных изделий,13.9,2021.0,0.028169014084507043
Производство прочих текстильных изделий,13.9,2022.0,0.09523809523809523
Производство прочих текстильных изделий,13.9,2023.0,0.0297029702970297
Производство прочих текстильных изделий,13.9,2024.0,0.02262443438914027
Производство трикотажного и вязаного полотна,13.91,2021.0,
Производство трикотажного и вязаного полотна,13.91,2022.0,0.18181818181818182
Производство трикотажного и вязаного полотна,13.91,2023.0,0.07142857142857142
Производство трикотажного и вязаного полотна,13.91,2024.0,
Производство и обработка трикотажного или вязаного полотна,13.91.1,2021.0,
Производство и обработка трикотажного или вязаного полотна,13.91.1,2022.0,0.125
Производство и обработка трикотажного или вязаного полотна,13.91.1,2023.0,
Производство и обработка трикотажного или вязаного полотна,13.91.1,2024.0,
Производство искусственного меха методом вязания,13.91.2,2021.0,
Производство искусственного меха методом вязания,13.91.2,2022.0,0.3333333333333333
Производство искусственного меха методом вязания,13.91.2,2023.0,0.3333333333333333
Производство искусственного меха методом вязания,13.91.2,2024.0,
"Производство готовых текстильных изделий, кроме одежды",13.92,2021.0,0.0425531914893617
"Производство готовых текстильных изделий, кроме одежды",13.92,2022.0,0.1
"Производство готовых текстильных изделий, кроме одежды",13.92,2023.0,0.036585365853658534
"Производство готовых текстильных изделий, кроме одежды",13.92,2024.0,0.022222222222222223
"Производство готовых текстильных изделий, кроме одежды",13.92.1,2021.0,
"Производство готовых текстильных изделий, кроме одежды",13.92.1,2023.0,
"Производство готовых текстильных изделий, кроме одежды",13.92.1,2024.0,
"Пошив готовых текстильных изделий по индивидуальному заказу населения, кроме одежды",13.92.2,2022.0,
Производство ковров и ковровых изделий,13.93,2021.0,
Производство ковров и ковровых изделий,13.93,2022.0,
Производство ковров и ковровых изделий,13.93,2023.0,
Производство ковров и ковровых изделий,13.93,2024.0,
"Производство канатов, веревок, шпагата и сетей",13.94,2021.0,
"Производство канатов, веревок, шпагата и сетей",13.94,2022.0,
"Производство канатов, веревок, шпагата и сетей",13.94,2023.0,
"Производство канатов, веревок, шпагата и сетей",13.94,2024.0,
"Производство шпагата, канатов, веревок и тросов из текстильных волокон и лент, с пропиткой и без пропитки, с покрытием, защищенных или не защищенных оболочкой из резины или пластмассы",13.94.1,2021.0,
"Производство шпагата, канатов, веревок и тросов из текстильных волокон и лент, с пропиткой и без пропитки, с покрытием, защищенных или не защищенных оболочкой из резины или пластмассы",13.94.1,2022.0,
"Производство шпагата, канатов, веревок и тросов из текстильных волокон и лент, с пропиткой и без пропитки, с покрытием, защищенных или не защищенных оболочкой из резины или пластмассы",13.94.1,2023.0,
"Производство шпагата, канатов, веревок и тросов из текстильных волокон и лент, с пропиткой и без пропитки, с покрытием, защищенных или не защищенных оболочкой из резины или пластмассы",13.94.1,2024.0,
"Производство изделий из веревки и сетного полотна: рыболовных сетей, предохранительных сеток на судах, защитных средств, используемых при погрузочно-разгрузочных работах, стропов, веревок или тросов с металлическими кольцами",13.94.2,2021.0,
"Производство изделий из веревки и сетного полотна: рыболовных сетей, предохранительных сеток на судах, защитных средств, используемых при погрузочно-разгрузочных работах, стропов, веревок или тросов с металлическими кольцами",13.94.2,2022.0,
"Производство изделий из веревки и сетного полотна: рыболовных сетей, предохранительных сеток на судах, защитных средств, используемых при погрузочно-разгрузочных работах, стропов, веревок или тросов с металлическими кольцами",13.94.2,2023.0,
"Производство изделий из веревки и сетного полотна: рыболовных сетей, предохранительных сеток на судах, защитных средств, используемых при погрузочно-разгрузочных работах, стропов, веревок или тросов с металлическими кольцами",13.94.2,2024.0,
"Производство нетканых текстильных материалов и изделий из них, кроме одежды",13.95,2021.0,0.05405405405405406
"Производство нетканых текстильных материалов и изделий из них, кроме одежды",13.95,2022.0,0.10810810810810811
"Производство нетканых текстильных материалов и изделий из них, кроме одежды",13.95,2023.0,0.037037037037037035
"Производство нетканых текстильных материалов и изделий из них, кроме одежды",13.95,2024.0,0.0425531914893617
Производство прочих технических и промышленных текстильных изделий,13.96,2021.0,
Производство прочих технических и промышленных текстильных изделий,13.96,2022.0,0.1111111111111111
Производство прочих технических и промышленных текстильных изделий,13.96,2023.0,
Производство прочих технических и промышленных текстильных изделий,13.96,2024.0,
"Производство текстильных материалов, пропитанных или с покрытием",13.96.4,2021.0,
"Производство текстильных материалов, пропитанных или с покрытием",13.96.4,2022.0,
"Производство текстильных материалов, пропитанных или с покрытием",13.96.4,2023.0,
"Производство текстильных материалов, пропитанных или с покрытием",13.96.4,2024.0,
Производство кордных тканей,13.96.5,2021.0,
Производство кордных тканей,13.96.5,2022.0,
Производство кордных тканей,13.96.5,2023.0,
Производство кордных тканей,13.96.5,2024.0,
"Производство текстильных материалов и изделий технического назначения (включая фитили, калильные сетки газовых фонарей, текстильные шланги, конвейерные ленты и приводные ремни, ситовые ткани и фильтровальные ткани)",13.96.6,2021.0,
"Производство текстильных материалов и изделий технического назначения (включая фитили, калильные сетки газовых фонарей, текстильные шланги, конвейерные ленты и приводные ремни, ситовые ткани и фильтровальные ткани)",13.96.6,2022.0,
"Производство текстильных материалов и изделий технического назначения (включая фитили, калильные сетки газовых фонарей, текстильные шланги, конвейерные ленты и приводные ремни, ситовые ткани и фильтровальные ткани)",13.96.6,2023.0,
"Производство текстильных материалов и изделий технического назначения (включая фитили, калильные сетки газовых фонарей, текстильные шланги, конвейерные ленты и приводные ремни, ситовые ткани и фильтровальные ткани)",13.96.6,2024.0,
"Производство узких текстильных тканей, в том числе состоящих из основы безуточного переплетения и соединяемых клеящим веществом",13.96.7,2021.0,
"Производство узких текстильных тканей, в том числе состоящих из основы безуточного переплетения и соединяемых клеящим веществом",13.96.7,2022.0,
"Производство узких текстильных тканей, в том числе состоящих из основы безуточного переплетения и соединяемых клеящим веществом",13.96.7,2023.0,
"Производство узких текстильных тканей, в том числе состоящих из основы безуточного переплетения и соединяемых клеящим веществом",13.96.7,2024.0,
"Производство прочих текстильных изделий, не включенных в другие группировки",13.99,2021.0,
"Производство прочих текстильных изделий, не включенных в другие группировки",13.99,2022.0,0.08333333333333333
"Производство прочих текстильных изделий, не включенных в другие группировки",13.99,2023.0,
"Производство прочих текстильных изделий, не включенных в другие группировки",13.99,2024.0,0.07692307692307693
"Производство текстильных изделий различного назначения, не включенных в другие группировки",13.99.9,2021.0,
"Производство текстильных изделий различного назначения, не включенных в другие группировки",13.99.9,2022.0,
"Производство текстильных изделий различного назначения, не включенных в другие группировки",13.99.9,2023.0,
"Производство текстильных изделий различного назначения, не включенных в другие группировки",13.99.9,2024.0,
Собирательная классификационная группировка видов экономической деятельности в области деятельности творческих (креативных) индустрий на основе Общероссийского классификатора видов экономической деятельности (ОКВЭД2) ОК 029-2014 (КДЕС Ред. 2),13210000.029.02,2024.0,0.03940961655508217
Сектор инжиниринговых услуг и промышленного дизайна,1323500.029.12,2020.0,0.0179076343072573
Сектор инжиниринговых услуг и промышленного дизайна,1323500.029.12,2021.0,0.028384279475982533
Сектор инжиниринговых услуг и промышленного дизайна,1323500.029.12,2022.0,0.05310531053105311
Сектор инжиниринговых услуг и промышленного дизайна,1323500.029.12,2023.0,0.028549962434259956
Сектор инжиниринговых услуг и промышленного дизайна,1323500.029.12,2024.0,0.02209631728045326
"Собирательная классификационная группировка видов экономической деятельности ""Промышленность"" на основе ОКВЭД2 (КДЕС Ред. 2)",1323500.029.31,2020.0,0.0329492429292448
"Собирательная классификационная группировка видов экономической деятельности ""Промышленность"" на основе ОКВЭД2 (КДЕС Ред. 2)",1323500.029.31,2022.0,0.061395314076454544
Виды экономической деятельности в области промышленности строительных материалов,1323500.029.33,2020.0,0.0279269602577873
Виды экономической деятельности в области промышленности строительных материалов,1323500.029.33,2021.0,0.04427266338721012
Виды экономической деятельности в области промышленности строительных материалов,1323500.029.33,2022.0,0.06284722222222222
Виды экономической деятельности в области промышленности строительных материалов,1323500.029.33,2023.0,0.03961038961038961
Виды экономической деятельности в области промышленности строительных материалов,1323500.029.33,2024.0,0.040988547317661245
Виды экономической деятельности в области производства товаров и оказания услуг для детей,1323500.029.35,2020.0,0.0261423050693339
Виды экономической деятельности в области производства товаров и оказания услуг для детей,1323500.029.35,2021.0,0.034166872988363454
Виды экономической деятельности в области производства товаров и оказания услуг для детей,1323500.029.35,2022.0,0.0627883136852896
Виды экономической деятельности в области производства товаров и оказания услуг для детей,1323500.029.35,2023.0,0.031132312327391415
Виды экономической деятельности в области производства товаров и оказания услуг для детей,1323500.029.35,2024.0,0.02677443798939126
"Собирательная классификационная группировка видов экономической деятельности в области лазерных, оптических и оптоэлектронных технологий (фотоники) на основе Общероссийского классификатора видов экономической деятельности (ОКВЭД 2) ОК 029-2014 (КДЕС Ред.2)",1323500.029.36,2024.0,0.07692307692307693
Сектор информационно,1324500.029.01,2020.0,0.0999195124755662
Сектор информационно-коммуникационных технологий,1324500.029.01,2021.0,0.13461298766047614
Сектор информационно-коммуникационных технологий,1324500.029.01,2022.0,0.1308560215844984
Сектор информационно-коммуникационных технологий,1324500.029.01,2023.0,0.10471418345434093
Сектор информационно-коммуникационных технологий,1324500.029.01,2024.0,0.11080459770114942
Сектор контента и средств массовой информации,1324500.029.02,2020.0,0.0194805194805194
Сектор контента и средств массовой информации,1324500.029.02,2021.0,0.05191995673336939
Сектор контента и средств массовой информации,1324500.029.02,2022.0,0.07796516450096765
Сектор контента и средств массовой информации,1324500.029.02,2023.0,0.058684831019124965
Сектор контента и средств массовой информации,1324500.029.02,2024.0,0.06468933776527742
Отрасль информационных технологий,1324500.029.11,2020.0,0.080797697368421
Отрасль информационных технологий,1324500.029.11,2021.0,0.11218441273326016
Отрасль информационных технологий,1324500.029.11,2022.0,0.10325288562434418
Отрасль информационных технологий,1324500.029.11,2023.0,0.07580321285140562
Отрасль информационных технологий,1324500.029.11,2024.0,0.09528629265471371
"Деятельность в области культуры, спорта, отдыха и развлечений",135.АГ,2022.0,0.05324751316559392
Производство одежды,14,2021.0,0.058365758754863814
Производство одежды,14,2022.0,0.04905660377358491
Производство одежды,14,2023.0,0.021052631578947368
Производство одежды,14,2024.0,0.022950819672131147
"Производство одежды, кроме одежды из меха",14.1,2021.0,0.05907172995780591
"Производство одежды, кроме одежды из меха",14.1,2022.0,0.04048582995951417
"Производство одежды, кроме одежды из меха",14.1,2023.0,0.02247191011235955
"Производство одежды, кроме одежды из меха",14.1,2024.0,0.014035087719298246
Производство одежды из кожи,14.11,2021.0,
Производство одежды из кожи,14.11,2022.0,
Производство одежды из кожи,14.11,2023.0,
Производство одежды из кожи,14.11,2024.0,
Пошив одежды из кожи по индивидуальному заказу населения,14.11.2,2021.0,
Производство спецодежды,14.12,2021.0,0.04310344827586207
Производство спецодежды,14.12,2022.0,0.024193548387096774
Производство спецодежды,14.12,2023.0,0.03125
Производство спецодежды,14.12,2024.0,0.022058823529411766
Пошив производственной одежды по индивидуальному заказу населения,14.12.2,2024.0,
Производство прочей верхней одежды,14.13,2021.0,0.037037037037037035
Производство прочей верхней одежды,14.13,2022.0,0.08620689655172414
Производство прочей верхней одежды,14.13,2023.0,0.015384615384615385
Производство прочей верхней одежды,14.13,2024.0,0.013333333333333334
Производство верхней трикотажной или вязаной одежды,14.13.1,2023.0,1.0
"Производство верхней одежды из текстильных материалов, кроме трикотажных или вязаных",14.13.2,2021.0,
"Производство верхней одежды из текстильных материалов, кроме трикотажных или вязаных",14.13.2,2022.0,
"Производство верхней одежды из текстильных материалов, кроме трикотажных или вязаных",14.13.2,2023.0,
"Производство верхней одежды из текстильных материалов, кроме трикотажных или вязаных",14.13.2,2024.0,
"Производство верхней одежды из текстильных материалов, кроме трикотажных или вязаных, для мужчин или мальчиков",14.13.21,2021.0,
"Производство верхней одежды из текстильных материалов, кроме трикотажных или вязаных, для мужчин или мальчиков",14.13.21,2022.0,
"Производство верхней одежды из текстильных материалов, кроме трикотажных или вязаных, для мужчин или мальчиков",14.13.21,2023.0,
"Производство верхней одежды из текстильных материалов, кроме трикотажных или вязаных, для мужчин или мальчиков",14.13.21,2024.0,
"Производство верхней одежды из текстильных материалов, кроме трикотажных или вязаных, для женщин или девочек",14.13.22,2021.0,
"Производство верхней одежды из текстильных материалов, кроме трикотажных или вязаных, для женщин или девочек",14.13.22,2022.0,
"Производство верхней одежды из текстильных материалов, кроме трикотажных или вязаных, для женщин или девочек",14.13.22,2023.0,
"Производство верхней одежды из текстильных материалов, кроме трикотажных или вязаных, для женщин или девочек",14.13.22,2024.0,
Производство нательного белья,14.14,2021.0,0.02702702702702703
Производство нательного белья,14.14,2022.0,
Производство нательного белья,14.14,2023.0,
Производство нательного белья,14.14,2024.0,
Производство трикотажного и вязаного нательного белья,14.14.1,2021.0,0.16666666666666666
Производство трикотажного и вязаного нательного белья,14.14.1,2022.0,
Производство нательного белья из тканей,14.14.2,2021.0,
Производство нательного белья из тканей,14.14.2,2022.0,
Производство нательного белья из тканей,14.14.2,2024.0,
"Производство рубашек из текстильных материалов, кроме трикотажных или вязаных, для мужчин или для мальчиков",14.14.21,2023.0,
Производство прочей одежды и аксессуаров одежды,14.19,2021.0,0.21428571428571427
Производство прочей одежды и аксессуаров одежды,14.19,2022.0,0.07142857142857142
Производство прочей одежды и аксессуаров одежды,14.19,2023.0,0.030303030303030304
Производство прочей одежды и аксессуаров одежды,14.19,2024.0,
"Производство трикотажной или вязаной одежды для детей младшего возраста, спортивной или прочей одежды, аксессуаров и деталей одежды",14.19.1,2021.0,0.6
"Производство трикотажной или вязаной одежды для детей младшего возраста, спортивной или прочей одежды, аксессуаров и деталей одежды",14.19.1,2022.0,
"Производство трикотажной или вязаной одежды для детей младшего возраста, спортивной или прочей одежды, аксессуаров и деталей одежды",14.19.1,2023.0,
"Производство трикотажной или вязаной одежды для детей младшего возраста, спортивной или прочей одежды, аксессуаров и деталей одежды",14.19.1,2024.0,
"Производство спортивных костюмов, лыжных костюмов, купальных костюмов и прочей трикотажной или вязаной одежды",14.19.12,2021.0,0.6
"Производство трикотажных или вязаных перчаток, рукавиц (варежек) и митенок",14.19.13,2021.0,
"Производство трикотажных или вязаных перчаток, рукавиц (варежек) и митенок",14.19.13,2024.0,
"Производство прочих трикотажных или вязаных аксессуаров одежды, в том числе платков, шарфов, галстуков и прочих аналогичных изделий",14.19.19,2022.0,
"Производство прочих трикотажных или вязаных аксессуаров одежды, в том числе платков, шарфов, галстуков и прочих аналогичных изделий",14.19.19,2023.0,
"Производство одежды для детей младшего возраста, спортивной или прочей одежды и аксессуаров одежды из текстильных материалов, кроме трикотажных или вязаных",14.19.2,2021.0,
"Производство одежды для детей младшего возраста, спортивной или прочей одежды и аксессуаров одежды из текстильных материалов, кроме трикотажных или вязаных",14.19.2,2022.0,
"Производство одежды для детей младшего возраста, спортивной или прочей одежды и аксессуаров одежды из текстильных материалов, кроме трикотажных или вязаных",14.19.2,2023.0,
"Производство одежды для детей младшего возраста, спортивной или прочей одежды и аксессуаров одежды из текстильных материалов, кроме трикотажных или вязаных",14.19.2,2024.0,
"Производство спортивных костюмов, лыжных костюмов, купальных костюмов и прочей одежды из текстильных материалов, кроме трикотажных или вязаных",14.19.22,2022.0,
"Производство спортивных костюмов, лыжных костюмов, купальных костюмов и прочей одежды из текстильных материалов, кроме трикотажных или вязаных",14.19.22,2023.0,
"Производство спортивных костюмов, лыжных костюмов, купальных костюмов и прочей одежды из текстильных материалов, кроме трикотажных или вязаных",14.19.22,2024.0,
"Производство аксессуаров одежды, в том числе платков, шарфов, галстуков, перчаток и прочих аналогичных изделий из текстильных материалов, кроме трикотажных или вязаных",14.19.23,2022.0,
"Производство аксессуаров одежды, в том числе платков, шарфов, галстуков, перчаток и прочих аналогичных изделий из текстильных материалов, кроме трикотажных или вязаных",14.19.23,2023.0,
Производство аксессуаров одежды из кожи; производство одежды из фетра или нетканых материалов; производство одежды из текстильных материалов с покрытием,14.19.3,2021.0,
Производство аксессуаров одежды из кожи; производство одежды из фетра или нетканых материалов; производство одежды из текстильных материалов с покрытием,14.19.3,2023.0,
Производство аксессуаров одежды из кожи; производство одежды из фетра или нетканых материалов; производство одежды из текстильных материалов с покрытием,14.19.3,2024.0,
"Производство одежды из фетра, нетканых материалов, из текстильных материалов с пропиткой или покрытием",14.19.32,2021.0,
"Производство одежды из фетра, нетканых материалов, из текстильных материалов с пропиткой или покрытием",14.19.32,2023.0,
"Производство одежды из фетра, нетканых материалов, из текстильных материалов с пропиткой или покрытием",14.19.32,2024.0,
Производство головных уборов,14.19.4,2021.0,
Производство головных уборов,14.19.4,2023.0,
Производство меховых изделий,14.20,2021.0,0.5
Производство меховых изделий,14.20,2022.0,
Производство меховых изделий,14.20,2023.0,
Производство меховых изделий,14.20,2024.0,1.0
"Производство меховых изделий, кроме изготовленных по индивидуальному заказу",14.20.1,2022.0,
Производство вязаных и трикотажных изделий одежды,14.3,2021.0,
Производство вязаных и трикотажных изделий одежды,14.3,2022.0,0.17647058823529413
Производство вязаных и трикотажных изделий одежды,14.3,2023.0,
Производство вязаных и трикотажных изделий одежды,14.3,2024.0,0.10526315789473684
Производство вязаных и трикотажных чулочно-носочных изделий,14.31,2021.0,
Производство вязаных и трикотажных чулочно-носочных изделий,14.31,2022.0,0.13333333333333333
Производство вязаных и трикотажных чулочно-носочных изделий,14.31,2023.0,
Производство вязаных и трикотажных чулочно-носочных изделий,14.31,2024.0,0.10526315789473684
Производство прочих вязаных и трикотажных изделий,14.39,2021.0,
Производство прочих вязаных и трикотажных изделий,14.39,2022.0,0.5
Производство прочих вязаных и трикотажных изделий,14.39,2023.0,
Производство прочих вязаных и трикотажных изделий,14.39,2024.0,
"Изготовление прочих вязаных и трикотажных изделий, не включенных в другие группировки по индивидуальному заказу населения",14.39.2,2023.0,
Производство кожи и изделий из кожи,15,2021.0,0.023809523809523808
Производство кожи и изделий из кожи,15,2022.0,0.03488372093023256
Производство кожи и изделий из кожи,15,2023.0,0.037037037037037035
Производство кожи и изделий из кожи,15,2024.0,0.06097560975609756
"Дубление и отделка кожи, производство чемоданов, сумок, шорно-седельных изделий из кожи; выделка и крашение меха",15.1,2021.0,0.047619047619047616
"Дубление и отделка кожи, производство чемоданов, сумок, шорно-седельных изделий из кожи; выделка и крашение меха",15.1,2022.0,0.045454545454545456
"Дубление и отделка кожи, производство чемоданов, сумок, шорно-седельных изделий из кожи; выделка и крашение меха",15.1,2023.0,0.05
"Дубление и отделка кожи, производство чемоданов, сумок, шорно-седельных изделий из кожи; выделка и крашение меха",15.1,2024.0,0.15
"Дубление и выделка кожи, выделка и крашение меха",15.11,2021.0,
"Дубление и выделка кожи, выделка и крашение меха",15.11,2022.0,
"Дубление и выделка кожи, выделка и крашение меха",15.11,2023.0,
"Дубление и выделка кожи, выделка и крашение меха",15.11,2024.0,0.13333333333333333
Выделка и крашение меха,15.11.1,2021.0,
Выделка и крашение меха,15.11.1,2022.0,
Выделка и крашение меха,15.11.1,2023.0,
Выделка и крашение меха,15.11.1,2024.0,
"Дубление, выделка и крашение кожи из шкур крупного рогатого скота или животных семейства лошадиных",15.11.3,2021.0,
"Дубление, выделка и крашение кожи из шкур крупного рогатого скота или животных семейства лошадиных",15.11.3,2022.0,
"Дубление, выделка и крашение кожи из шкур крупного рогатого скота или животных семейства лошадиных",15.11.3,2023.0,
"Дубление, выделка и крашение кожи из шкур крупного рогатого скота или животных семейства лошадиных",15.11.3,2024.0,0.09090909090909091
"Производство чемоданов, дамских сумок и аналогичных изделий из кожи и других материалов; производство шорно-седельных и других изделий из кожи",15.12,2021.0,0.14285714285714285
"Производство чемоданов, дамских сумок и аналогичных изделий из кожи и других материалов; производство шорно-седельных и других изделий из кожи",15.12,2022.0,0.16666666666666666
"Производство чемоданов, дамских сумок и аналогичных изделий из кожи и других материалов; производство шорно-седельных и других изделий из кожи",15.12,2023.0,0.16666666666666666
"Производство чемоданов, дамских сумок и аналогичных изделий из кожи и других материалов; производство шорно-седельных и других изделий из кожи",15.12,2024.0,0.2
Производство обуви,15.20,2021.0,0.015873015873015872
Производство обуви,15.20,2022.0,0.03125
Производство обуви,15.20,2023.0,0.03278688524590164
Производство обуви,15.20,2024.0,0.03225806451612903
"Производство обуви, кроме спортивной, защитной и ортопедической",15.20.1,2022.0,
"Производство обуви, кроме спортивной, защитной и ортопедической",15.20.1,2023.0,
"Производство обуви, кроме спортивной, защитной и ортопедической",15.20.1,2024.0,
Производство водонепроницаемой обуви с верхом из резины или пластмассы,15.20.11,2022.0,
Производство водонепроницаемой обуви с верхом из резины или пластмассы,15.20.11,2023.0,
"Производство обуви с верхом из кожи, кроме спортивной обуви, обуви с защитным металлическим подноском и различной специальной обуви",15.20.13,2023.0,
"Производство обуви с верхом из кожи, кроме спортивной обуви, обуви с защитным металлическим подноском и различной специальной обуви",15.20.13,2024.0,
Производство защитной обуви,15.20.3,2024.0,
"Обработка древесины и производство изделий из дерева и пробки, кроме мебели, производство изделий из соломки и материалов для плетения",16,2021.0,0.06666666666666667
"Обработка древесины и производство изделий из дерева и пробки, кроме мебели, производство изделий из соломки и материалов для плетения",16,2022.0,0.07242990654205607
"Обработка древесины и производство изделий из дерева и пробки, кроме мебели, производство изделий из соломки и материалов для плетения",16,2023.0,0.04772234273318872
"Обработка древесины и производство изделий из дерева и пробки, кроме мебели, производство изделий из соломки и материалов для плетения",16,2024.0,0.03125
Распиловка и строгание древесины,16.10,2021.0,0.05434782608695652
Распиловка и строгание древесины,16.10,2022.0,0.04597701149425287
Распиловка и строгание древесины,16.10,2023.0,0.030927835051546393
Распиловка и строгание древесины,16.10,2024.0,0.018957345971563982
"Производство пиломатериалов, кроме профилированных, толщиной более 6 мм; производство непропитанных железнодорожных и трамвайных шпал из древесины",16.10.1,2021.0,0.06382978723404255
"Производство пиломатериалов, кроме профилированных, толщиной более 6 мм; производство непропитанных железнодорожных и трамвайных шпал из древесины",16.10.1,2022.0,0.043478260869565216
"Производство пиломатериалов, кроме профилированных, толщиной более 6 мм; производство непропитанных железнодорожных и трамвайных шпал из древесины",16.10.1,2023.0,0.033783783783783786
"Производство пиломатериалов, кроме профилированных, толщиной более 6 мм; производство непропитанных железнодорожных и трамвайных шпал из древесины",16.10.1,2024.0,0.01910828025477707
"Производство пиломатериалов, профилированных по кромке; производство древесного полотна, древесной муки; производство технологической щепы или стружки",16.10.2,2021.0,
"Производство пиломатериалов, профилированных по кромке; производство древесного полотна, древесной муки; производство технологической щепы или стружки",16.10.2,2022.0,
"Производство пиломатериалов, профилированных по кромке; производство древесного полотна, древесной муки; производство технологической щепы или стружки",16.10.2,2023.0,
"Производство пиломатериалов, профилированных по кромке; производство древесного полотна, древесной муки; производство технологической щепы или стружки",16.10.2,2024.0,
"Производство древесины, пропитанной или обработанной защитными или другими веществами",16.10.3,2021.0,
"Производство древесины, пропитанной или обработанной защитными или другими веществами",16.10.3,2022.0,0.2
"Производство древесины, пропитанной или обработанной защитными или другими веществами",16.10.3,2023.0,
"Производство древесины, пропитанной или обработанной защитными или другими веществами",16.10.3,2024.0,
Предоставление услуг по пропитке древесины,16.10.9,2021.0,
Предоставление услуг по пропитке древесины,16.10.9,2022.0,
Предоставление услуг по пропитке древесины,16.10.9,2023.0,
Предоставление услуг по пропитке древесины,16.10.9,2024.0,
"Производство изделий из дерева, пробки, соломки и материалов для плетения",16.2,2021.0,0.07569721115537849
"Производство изделий из дерева, пробки, соломки и материалов для плетения",16.2,2022.0,0.09055118110236221
"Производство изделий из дерева, пробки, соломки и материалов для плетения",16.2,2023.0,0.0599250936329588
"Производство изделий из дерева, пробки, соломки и материалов для плетения",16.2,2024.0,0.040892193308550186
"Производство шпона, фанеры, деревянных плит и панелей",16.21,2021.0,0.1322314049586777
"Производство шпона, фанеры, деревянных плит и панелей",16.21,2022.0,0.1282051282051282
"Производство шпона, фанеры, деревянных плит и панелей",16.21,2023.0,0.09016393442622951
"Производство шпона, фанеры, деревянных плит и панелей",16.21,2024.0,0.06299212598425197
"Производство фанеры, деревянных фанерованных панелей и аналогичных слоистых материалов, древесных плит из древесины и других одревесневших материалов",16.21.1,2021.0,0.1326530612244898
"Производство фанеры, деревянных фанерованных панелей и аналогичных слоистых материалов, древесных плит из древесины и других одревесневших материалов",16.21.1,2022.0,0.15151515151515152
"Производство фанеры, деревянных фанерованных панелей и аналогичных слоистых материалов, древесных плит из древесины и других одревесневших материалов",16.21.1,2023.0,0.10576923076923077
"Производство фанеры, деревянных фанерованных панелей и аналогичных слоистых материалов, древесных плит из древесины и других одревесневших материалов",16.21.1,2024.0,0.07207207207207207
"Производство фанеры, деревянных фанерованных панелей и аналогичных слоистых материалов",16.21.11,2021.0,0.1724137931034483
"Производство фанеры, деревянных фанерованных панелей и аналогичных слоистых материалов",16.21.11,2022.0,0.1746031746031746
"Производство фанеры, деревянных фанерованных панелей и аналогичных слоистых материалов",16.21.11,2023.0,0.13432835820895522
"Производство фанеры, деревянных фанерованных панелей и аналогичных слоистых материалов",16.21.11,2024.0,0.1
Производство древесно-стружечных плит из древесины или других одревесневших материалов,16.21.12,2021.0,0.10526315789473684
Производство древесно-стружечных плит из древесины или других одревесневших материалов,16.21.12,2022.0,0.0625
Производство древесно-стружечных плит из древесины или других одревесневших материалов,16.21.12,2023.0,
Производство древесно-стружечных плит из древесины или других одревесневших материалов,16.21.12,2024.0,0.041666666666666664
Производство древесно-волокнистых плит из древесины или других одревесневших материалов,16.21.13,2021.0,0.058823529411764705
Производство древесно-волокнистых плит из древесины или других одревесневших материалов,16.21.13,2022.0,0.06666666666666667
Производство древесно-волокнистых плит из древесины или других одревесневших материалов,16.21.13,2023.0,0.15384615384615385
Производство древесно-волокнистых плит из древесины или других одревесневших материалов,16.21.13,2024.0,
"Производство листов для облицовки, шпона для фанеры, производство прессованной древесины",16.21.2,2021.0,0.1111111111111111
"Производство листов для облицовки, шпона для фанеры, производство прессованной древесины",16.21.2,2022.0,
"Производство листов для облицовки, шпона для фанеры, производство прессованной древесины",16.21.2,2023.0,
"Производство листов для облицовки, шпона для фанеры, производство прессованной древесины",16.21.2,2024.0,
"Производство листов для облицовки, шпона для фанеры",16.21.21,2021.0,0.14285714285714285
"Производство листов для облицовки, шпона для фанеры",16.21.21,2022.0,
"Производство листов для облицовки, шпона для фанеры",16.21.21,2023.0,
"Производство листов для облицовки, шпона для фанеры",16.21.21,2024.0,
Производство прессованной древесины,16.21.22,2021.0,
Производство прессованной древесины,16.21.22,2022.0,
Производство прессованной древесины,16.21.22,2023.0,
Производство сборных паркетных покрытий,16.22,2021.0,
Производство сборных паркетных покрытий,16.22,2022.0,
Производство сборных паркетных покрытий,16.22,2023.0,
Производство сборных паркетных покрытий,16.22,2024.0,
Производство прочих деревянных строительных конструкций и столярных изделий,16.23,2021.0,0.03
Производство прочих деревянных строительных конструкций и столярных изделий,16.23,2022.0,0.07692307692307693
Производство прочих деревянных строительных конструкций и столярных изделий,16.23,2023.0,0.03669724770642202
Производство прочих деревянных строительных конструкций и столярных изделий,16.23,2024.0,0.01904761904761905
Производство деревянных строительных конструкций и столярных изделий,16.23.1,2021.0,0.04477611940298507
Производство деревянных строительных конструкций и столярных изделий,16.23.1,2022.0,0.11428571428571428
Производство деревянных строительных конструкций и столярных изделий,16.23.1,2023.0,0.05263157894736842
Производство деревянных строительных конструкций и столярных изделий,16.23.1,2024.0,0.02631578947368421
Производство сборных деревянных строений,16.23.2,2021.0,
Производство сборных деревянных строений,16.23.2,2022.0,
Производство сборных деревянных строений,16.23.2,2023.0,
Производство сборных деревянных строений,16.23.2,2024.0,
Производство деревянной тары,16.24,2021.0,
Производство деревянной тары,16.24,2022.0,
Производство деревянной тары,16.24,2023.0,
Производство деревянной тары,16.24,2024.0,
"Производство прочих деревянных изделий; производство изделий из пробки, соломки и материалов для плетения",16.29,2021.0,
"Производство прочих деревянных изделий; производство изделий из пробки, соломки и материалов для плетения",16.29,2022.0,
"Производство прочих деревянных изделий; производство изделий из пробки, соломки и материалов для плетения",16.29,2023.0,0.08333333333333333
"Производство прочих деревянных изделий; производство изделий из пробки, соломки и материалов для плетения",16.29,2024.0,0.08333333333333333
Производство прочих деревянных изделий,16.29.1,2021.0,
Производство прочих деревянных изделий,16.29.1,2022.0,
Производство прочих деревянных изделий,16.29.1,2023.0,
Производство прочих деревянных изделий,16.29.1,2024.0,
Производство деревянных столовых и кухонных принадлежностей,16.29.12,2023.0,
Производство деревянных столовых и кухонных принадлежностей,16.29.12,2024.0,
"Производство деревянных статуэток и украшений из дерева, мозаики и инкрустированного дерева, шкатулок, футляров для ювелирных изделий или ножей",16.29.13,2021.0,
"Производство деревянных статуэток и украшений из дерева, мозаики и инкрустированного дерева, шкатулок, футляров для ювелирных изделий или ножей",16.29.13,2022.0,
"Производство деревянных статуэток и украшений из дерева, мозаики и инкрустированного дерева, шкатулок, футляров для ювелирных изделий или ножей",16.29.13,2023.0,
"Производство деревянных статуэток и украшений из дерева, мозаики и инкрустированного дерева, шкатулок, футляров для ювелирных изделий или ножей",16.29.13,2024.0,
"Производство деревянных рам для картин, фотографий, зеркал или аналогичных предметов и прочих изделий из дерева",16.29.14,2021.0,
"Производство деревянных рам для картин, фотографий, зеркал или аналогичных предметов и прочих изделий из дерева",16.29.14,2022.0,
"Производство деревянных рам для картин, фотографий, зеркал или аналогичных предметов и прочих изделий из дерева",16.29.14,2023.0,
"Производство деревянных рам для картин, фотографий, зеркал или аналогичных предметов и прочих изделий из дерева",16.29.14,2024.0,
Производство топливных гранул и брикетов из отходов деревопереработки,16.29.15,2021.0,
Производство топливных гранул и брикетов из отходов деревопереработки,16.29.15,2022.0,
Производство топливных гранул и брикетов из отходов деревопереработки,16.29.15,2023.0,
Производство топливных гранул и брикетов из отходов деревопереработки,16.29.15,2024.0,
"Производство изделий из пробки, соломки и материалов для плетения; производство корзиночных и плетеных изделий",16.29.2,2021.0,
"Изготовление изделий из дерева, пробки, соломки и материалов для плетения, корзиночных и плетеных изделий по индивидуальному заказу населения",16.29.3,2021.0,
Производство бумаги и бумажных изделий,17,2021.0,0.05379746835443038
Производство бумаги и бумажных изделий,17,2022.0,0.08024691358024691
Производство бумаги и бумажных изделий,17,2023.0,0.05105105105105105
Производство бумаги и бумажных изделий,17,2024.0,0.031073446327683617
"Производство целлюлозы, древесной массы, бумаги и картона",17.1,2021.0,0.0641025641025641
"Производство целлюлозы, древесной массы, бумаги и картона",17.1,2022.0,0.09722222222222222
"Производство целлюлозы, древесной массы, бумаги и картона",17.1,2023.0,0.0547945205479452
"Производство целлюлозы, древесной массы, бумаги и картона",17.1,2024.0,0.05263157894736842
Производство целлюлозы и древесной массы,17.11,2021.0,0.14285714285714285
Производство целлюлозы и древесной массы,17.11,2022.0,
Производство целлюлозы и древесной массы,17.11,2023.0,
Производство целлюлозы и древесной массы,17.11,2024.0,
Производство целлюлозы,17.11.1,2021.0,0.25
Производство целлюлозы,17.11.1,2022.0,
Производство целлюлозы,17.11.1,2023.0,
Производство целлюлозы,17.11.1,2024.0,
Производство прочих волокнистых полуфабрикатов,17.11.9,2021.0,
Производство бумаги и картона,17.12,2021.0,0.046875
Производство бумаги и картона,17.12,2022.0,0.11290322580645161
Производство бумаги и картона,17.12,2023.0,0.06557377049180328
Производство бумаги и картона,17.12,2024.0,0.0625
Производство бумаги,17.12.1,2021.0,0.05555555555555555
Производство бумаги,17.12.1,2022.0,0.10256410256410256
Производство бумаги,17.12.1,2023.0,0.05128205128205128
Производство бумаги,17.12.1,2024.0,0.023255813953488372
Производство картона,17.12.2,2021.0,0.0625
Производство картона,17.12.2,2022.0,0.2
Производство картона,17.12.2,2023.0,0.125
Производство картона,17.12.2,2024.0,0.13333333333333333
Производство изделий из бумаги и картона,17.2,2021.0,0.05042016806722689
Производство изделий из бумаги и картона,17.2,2022.0,0.07539682539682539
Производство изделий из бумаги и картона,17.2,2023.0,0.05
Производство изделий из бумаги и картона,17.2,2024.0,0.025179856115107913
"Производство гофрированной бумаги и картона, бумажной и картонной тары",17.21,2021.0,0.01904761904761905
"Производство гофрированной бумаги и картона, бумажной и картонной тары",17.21,2022.0,0.06956521739130435
"Производство гофрированной бумаги и картона, бумажной и картонной тары",17.21,2023.0,0.06666666666666667
"Производство гофрированной бумаги и картона, бумажной и картонной тары",17.21,2024.0,0.023255813953488372
Производство бумажных изделий хозяйственно-бытового и санитарно-гигиенического назначения,17.22,2021.0,0.16279069767441862
Производство бумажных изделий хозяйственно-бытового и санитарно-гигиенического назначения,17.22,2022.0,0.20454545454545456
Производство бумажных изделий хозяйственно-бытового и санитарно-гигиенического назначения,17.22,2023.0,0.10638297872340426
Производство бумажных изделий хозяйственно-бытового и санитарно-гигиенического назначения,17.22,2024.0,0.0196078431372549
Производство бумажных канцелярских принадлежностей,17.23,2021.0,0.034482758620689655
Производство бумажных канцелярских принадлежностей,17.23,2022.0,
Производство бумажных канцелярских принадлежностей,17.23,2023.0,
Производство бумажных канцелярских принадлежностей,17.23,2024.0,
Производство обоев,17.24,2021.0,
Производство обоев,17.24,2022.0,
Производство обоев,17.24,2023.0,
Производство обоев,17.24,2024.0,
Производство прочих изделий из бумаги и картона,17.29,2021.0,0.043478260869565216
Производство прочих изделий из бумаги и картона,17.29,2022.0,0.04
Производство прочих изделий из бумаги и картона,17.29,2023.0,
Производство прочих изделий из бумаги и картона,17.29,2024.0,0.05172413793103448
Деятельность полиграфическая и копирование носителей информации,18,2021.0,0.041379310344827586
Деятельность полиграфическая и копирование носителей информации,18,2022.0,0.052434456928838954
Деятельность полиграфическая и копирование носителей информации,18,2023.0,0.0449438202247191
Деятельность полиграфическая и копирование носителей информации,18,2024.0,0.01556420233463035
Деятельность полиграфическая и предоставление услуг в этой области,18.1,2021.0,0.04225352112676056
Деятельность полиграфическая и предоставление услуг в этой области,18.1,2022.0,0.05384615384615385
Деятельность полиграфическая и предоставление услуг в этой области,18.1,2023.0,0.04580152671755725
Деятельность полиграфическая и предоставление услуг в этой области,18.1,2024.0,0.01593625498007968
Печатание газет,18.11,2021.0,0.04
Печатание газет,18.11,2022.0,0.041666666666666664
Печатание газет,18.11,2023.0,0.046875
Печатание газет,18.11,2024.0,
Прочие виды полиграфической деятельности,18.12,2021.0,0.041025641025641026
Прочие виды полиграфической деятельности,18.12,2022.0,0.046511627906976744
Прочие виды полиграфической деятельности,18.12,2023.0,0.04864864864864865
Прочие виды полиграфической деятельности,18.12,2024.0,0.02197802197802198
Изготовление печатных форм и подготовительная деятельность,18.13,2021.0,
Изготовление печатных форм и подготовительная деятельность,18.13,2022.0,
Изготовление печатных форм и подготовительная деятельность,18.13,2023.0,
Изготовление печатных форм и подготовительная деятельность,18.13,2024.0,
Деятельность брошюровочно- переплетная и отделочная и сопутствующие услуги,18.14,2021.0,0.14285714285714285
Деятельность брошюровочно- переплетная и отделочная и сопутствующие услуги,18.14,2022.0,0.42857142857142855
Деятельность брошюровочно- переплетная и отделочная и сопутствующие услуги,18.14,2023.0,
Деятельность брошюровочно- переплетная и отделочная и сопутствующие услуги,18.14,2024.0,
Копирование записанных носителей информации,18.20,2021.0,
Копирование записанных носителей информации,18.20,2022.0,
Копирование записанных носителей информации,18.20,2023.0,
Копирование записанных носителей информации,18.20,2024.0,
Производство кокса и нефтепродуктов,19,2021.0,0.06666666666666667
Производство кокса и нефтепродуктов,19,2022.0,0.16111111111111112
Производство кокса и нефтепродуктов,19,2023.0,0.0855614973262032
Производство кокса и нефтепродуктов,19,2024.0,0.08900523560209424
Производство кокса,19.10,2021.0,0.125
Производство кокса,19.10,2022.0,
Производство кокса,19.10,2023.0,
Производство кокса,19.10,2024.0,0.1
Производство нефтепродуктов,19.20,2021.0,0.06395348837209303
Производство нефтепродуктов,19.20,2022.0,0.1695906432748538
Производство нефтепродуктов,19.20,2023.0,0.09090909090909091
Производство нефтепродуктов,19.20,2024.0,0.08888888888888889
Производство жидкого топлива,19.20.1,2021.0,0.06521739130434782
Производство жидкого топлива,19.20.1,2022.0,0.11627906976744186
Производство жидкого топлива,19.20.1,2023.0,0.25
Производство жидкого топлива,19.20.1,2024.0,0.2553191489361702
Разделение и извлечение фракций из нефтяного (попутного) газа,19.20.2,2021.0,0.08333333333333333
Разделение и извлечение фракций из нефтяного (попутного) газа,19.20.2,2022.0,0.36363636363636365
Разделение и извлечение фракций из нефтяного (попутного) газа,19.20.2,2023.0,0.043478260869565216
Разделение и извлечение фракций из нефтяного (попутного) газа,19.20.2,2024.0,0.041666666666666664
Производство прочих нефтепродуктов,19.20.9,2021.0,0.05952380952380952
Производство прочих нефтепродуктов,19.20.9,2022.0,0.17045454545454544
Производство прочих нефтепродуктов,19.20.9,2023.0,0.031578947368421054
Производство прочих нефтепродуктов,19.20.9,2024.0,0.031578947368421054
"Агломерация угля, антрацита и бурого угля (лигнита) и производство термоуглей",19.3,2022.0,
"Агломерация угля, антрацита и бурого угля (лигнита) и производство термоуглей",19.3,2023.0,
"Агломерация угля, антрацита и бурого угля (лигнита) и производство термоуглей",19.3,2024.0,
Агломерация антрацита,19.31,2023.0,
Агломерация антрацита,19.31,2024.0,
Агломерация угля,19.32,2022.0,
Производство химических веществ и химических продуктов,20,2021.0,0.04656084656084656
Производство химических веществ и химических продуктов,20,2022.0,0.05642633228840126
Производство химических веществ и химических продуктов,20,2023.0,0.03398058252427184
Производство химических веществ и химических продуктов,20,2024.0,0.04115586690017513
"Производство химических продуктов, не включенных в другие группировки",20.05.АГ,2021.0,0.03608247422680412
"Производство химических продуктов, не включенных в другие группировки",20.05.АГ,2022.0,0.05235602094240838
"Производство химических продуктов, не включенных в другие группировки",20.05.АГ,2023.0,0.00904977375565611
"Производство химических продуктов, не включенных в другие группировки",20.05.АГ,2024.0,0.02880658436213992
"Производство основных химических веществ, удобрений и азотных соединений, пластмасс и синтетического каучука в первичных формах",20.1,2021.0,0.05620608899297424
"Производство основных химических веществ, удобрений и азотных соединений, пластмасс и синтетического каучука в первичных формах",20.1,2022.0,0.055944055944055944
"Производство основных химических веществ, удобрений и азотных соединений, пластмасс и синтетического каучука в первичных формах",20.1,2023.0,0.05043859649122807
"Производство основных химических веществ, удобрений и азотных соединений, пластмасс и синтетического каучука в первичных формах",20.1,2024.0,0.04073319755600815
Производство промышленных газов,20.11,2021.0,0.01694915254237288
Производство промышленных газов,20.11,2022.0,0.017857142857142856
Производство промышленных газов,20.11,2023.0,0.016129032258064516
Производство промышленных газов,20.11,2024.0,
Производство красителей и пигментов,20.12,2021.0,
Производство красителей и пигментов,20.12,2022.0,0.058823529411764705
Производство красителей и пигментов,20.12,2023.0,0.058823529411764705
Производство красителей и пигментов,20.12,2024.0,
Производство прочих основных неорганических химических веществ,20.13,2021.0,0.030303030303030304
Производство прочих основных неорганических химических веществ,20.13,2022.0,0.02127659574468085
Производство прочих основных неорганических химических веществ,20.13,2023.0,0.054945054945054944
Производство прочих основных неорганических химических веществ,20.13,2024.0,0.04854368932038835
Производство прочих основных органических химических веществ,20.14,2021.0,0.014492753623188406
Производство прочих основных органических химических веществ,20.14,2022.0,0.02666666666666667
Производство прочих основных органических химических веществ,20.14,2023.0,0.025974025974025976
Производство прочих основных органических химических веществ,20.14,2024.0,0.02247191011235955
Производство углеводородов и их производных,20.14.1,2021.0,
Производство углеводородов и их производных,20.14.1,2022.0,0.1
Производство углеводородов и их производных,20.14.1,2023.0,
Производство углеводородов и их производных,20.14.1,2024.0,
"Производство спиртов, фенолов, фенолоспиртов и их галогенированных, сульфированных, нитрованных или нитрозированных производных; производство жирных промышленных спиртов",20.14.2,2021.0,
"Производство спиртов, фенолов, фенолоспиртов и их галогенированных, сульфированных, нитрованных или нитрозированных производных; производство жирных промышленных спиртов",20.14.2,2022.0,
"Производство спиртов, фенолов, фенолоспиртов и их галогенированных, сульфированных, нитрованных или нитрозированных производных; производство жирных промышленных спиртов",20.14.2,2023.0,
"Производство спиртов, фенолов, фенолоспиртов и их галогенированных, сульфированных, нитрованных или нитрозированных производных; производство жирных промышленных спиртов",20.14.2,2024.0,
"Производство промышленных монокарбоновых жирных кислот, карбоновых кислот и их производных",20.14.3,2021.0,
"Производство промышленных монокарбоновых жирных кислот, карбоновых кислот и их производных",20.14.3,2022.0,
"Производство промышленных монокарбоновых жирных кислот, карбоновых кислот и их производных",20.14.3,2023.0,
"Производство промышленных монокарбоновых жирных кислот, карбоновых кислот и их производных",20.14.3,2024.0,
Производство органических соединений с азотсодержащими функциональными группами,20.14.4,2022.0,
Производство органических соединений с азотсодержащими функциональными группами,20.14.4,2023.0,
Производство органических соединений с азотсодержащими функциональными группами,20.14.4,2024.0,
Производство сераорганических соединений и прочих элементоорганических соединений,20.14.5,2021.0,
Производство сераорганических соединений и прочих элементоорганических соединений,20.14.5,2022.0,
Производство сераорганических соединений и прочих элементоорганических соединений,20.14.5,2023.0,
Производство сераорганических соединений и прочих элементоорганических соединений,20.14.5,2024.0,
"Производство простых эфиров, органических пероксидов, эпоксидов, ацеталей и полуацеталей, прочих органических соединений",20.14.6,2021.0,
"Производство простых эфиров, органических пероксидов, эпоксидов, ацеталей и полуацеталей, прочих органических соединений",20.14.6,2022.0,
"Производство простых эфиров, органических пероксидов, эпоксидов, ацеталей и полуацеталей, прочих органических соединений",20.14.6,2023.0,
"Производство простых эфиров, органических пероксидов, эпоксидов, ацеталей и полуацеталей, прочих органических соединений",20.14.6,2024.0,
Производство прочих химических органических основных веществ,20.14.7,2021.0,
Производство прочих химических органических основных веществ,20.14.7,2022.0,0.02
Производство прочих химических органических основных веществ,20.14.7,2023.0,0.045454545454545456
Производство прочих химических органических основных веществ,20.14.7,2024.0,0.02127659574468085
Производство удобрений и азотных соединений,20.15,2021.0,0.15151515151515152
Производство удобрений и азотных соединений,20.15,2022.0,0.1038961038961039
Производство удобрений и азотных соединений,20.15,2023.0,0.061855670103092786
Производство удобрений и азотных соединений,20.15,2024.0,0.08823529411764706
"Производство азотных кислот, сульфоазотных кислот, аммиака",20.15.1,2021.0,
"Производство азотных кислот, сульфоазотных кислот, аммиака",20.15.1,2022.0,
"Производство азотных кислот, сульфоазотных кислот, аммиака",20.15.1,2023.0,
"Производство азотных кислот, сульфоазотных кислот, аммиака",20.15.1,2024.0,
Производство азотных минеральных или химических удобрений,20.15.3,2021.0,0.17647058823529413
Производство азотных минеральных или химических удобрений,20.15.3,2022.0,0.1111111111111111
Производство азотных минеральных или химических удобрений,20.15.3,2023.0,0.043478260869565216
Производство азотных минеральных или химических удобрений,20.15.3,2024.0,0.1111111111111111
Производство фосфорных минеральных или химических удобрений,20.15.4,2021.0,0.3333333333333333
Производство фосфорных минеральных или химических удобрений,20.15.4,2022.0,0.2222222222222222
Производство фосфорных минеральных или химических удобрений,20.15.4,2023.0,0.3
Производство фосфорных минеральных или химических удобрений,20.15.4,2024.0,0.125
Производство калийных минеральных или химических удобрений,20.15.5,2021.0,0.5
Производство калийных минеральных или химических удобрений,20.15.5,2022.0,0.5
Производство калийных минеральных или химических удобрений,20.15.5,2023.0,0.3333333333333333
Производство калийных минеральных или химических удобрений,20.15.5,2024.0,0.6
"Производство удобрений, не включенных в другие группировки",20.15.7,2021.0,0.05555555555555555
"Производство удобрений, не включенных в другие группировки",20.15.7,2022.0,0.03571428571428571
"Производство удобрений, не включенных в другие группировки",20.15.7,2023.0,
"Производство удобрений, не включенных в другие группировки",20.15.7,2024.0,0.02702702702702703
Производство удобрений животного или растительного происхождения,20.15.8,2021.0,
Производство удобрений животного или растительного происхождения,20.15.8,2022.0,
Производство удобрений животного или растительного происхождения,20.15.8,2023.0,
Производство удобрений животного или растительного происхождения,20.15.8,2024.0,1.0
Производство пластмасс и синтетических смол в первичных формах,20.16,2021.0,0.08256880733944955
Производство пластмасс и синтетических смол в первичных формах,20.16,2022.0,0.09615384615384616
Производство пластмасс и синтетических смол в первичных формах,20.16,2023.0,0.07547169811320754
Производство пластмасс и синтетических смол в первичных формах,20.16,2024.0,0.03418803418803419
Производство синтетического каучука в первичных формах,20.17,2021.0,
Производство синтетического каучука в первичных формах,20.17,2022.0,
Производство синтетического каучука в первичных формах,20.17,2023.0,
Производство синтетического каучука в первичных формах,20.17,2024.0,
Производство пестицидов и прочих агрохимических продуктов,20.20,2021.0,0.011627906976744186
Производство пестицидов и прочих агрохимических продуктов,20.20,2022.0,
Производство пестицидов и прочих агрохимических продуктов,20.20,2023.0,
Производство пестицидов и прочих агрохимических продуктов,20.20,2024.0,0.010526315789473684
"Производство красок, лаков и аналогичных материалов для нанесения покрытий, полиграфических красок и мастик",20.30,2021.0,0.04807692307692308
"Производство красок, лаков и аналогичных материалов для нанесения покрытий, полиграфических красок и мастик",20.30,2022.0,0.06956521739130435
"Производство красок, лаков и аналогичных материалов для нанесения покрытий, полиграфических красок и мастик",20.30,2023.0,0.02702702702702703
"Производство красок, лаков и аналогичных материалов для нанесения покрытий, полиграфических красок и мастик",20.30,2024.0,0.022556390977443608
Производство красок и лаков на основе полимеров,20.30.1,2021.0,0.07246376811594203
Производство красок и лаков на основе полимеров,20.30.1,2022.0,0.05405405405405406
Производство красок и лаков на основе полимеров,20.30.1,2023.0,0.014705882352941176
Производство красок и лаков на основе полимеров,20.30.1,2024.0,0.024390243902439025
"Производство прочих красок, лаков, эмалей и аналогичных материалов для нанесения покрытий, художественных и полиграфических красок",20.30.2,2021.0,
"Производство прочих красок, лаков, эмалей и аналогичных материалов для нанесения покрытий, художественных и полиграфических красок",20.30.2,2022.0,0.05714285714285714
"Производство прочих красок, лаков, эмалей и аналогичных материалов для нанесения покрытий, художественных и полиграфических красок",20.30.2,2023.0,0.058823529411764705
"Производство прочих красок, лаков, эмалей и аналогичных материалов для нанесения покрытий, художественных и полиграфических красок",20.30.2,2024.0,0.02564102564102564
"Производство мыла и моющих, чистящих и полирующих средств; парфюмерных и косметических средств",20.4,2021.0,0.05405405405405406
"Производство мыла и моющих, чистящих и полирующих средств; парфюмерных и косметических средств",20.4,2022.0,0.09259259259259259
"Производство мыла и моющих, чистящих и полирующих средств; парфюмерных и косметических средств",20.4,2023.0,0.048
"Производство мыла и моющих, чистящих и полирующих средств; парфюмерных и косметических средств",20.4,2024.0,0.09395973154362416
"Производство мыла и моющих, чистящих и полирующих средств",20.41,2021.0,0.017241379310344827
"Производство мыла и моющих, чистящих и полирующих средств",20.41,2022.0,0.08163265306122448
"Производство мыла и моющих, чистящих и полирующих средств",20.41,2023.0,0.037037037037037035
"Производство мыла и моющих, чистящих и полирующих средств",20.41,2024.0,0.11594202898550725
Производство глицерина,20.41.1,2024.0,
"Производство органических поверхностно-активных веществ, кроме мыла",20.41.2,2021.0,
"Производство органических поверхностно-активных веществ, кроме мыла",20.41.2,2022.0,0.16666666666666666
"Производство органических поверхностно-активных веществ, кроме мыла",20.41.2,2023.0,0.14285714285714285
"Производство органических поверхностно-активных веществ, кроме мыла",20.41.2,2024.0,0.18181818181818182
"Производство мыла и моющих средств, чистящих и полирующих средств",20.41.3,2021.0,0.02564102564102564
"Производство мыла и моющих средств, чистящих и полирующих средств",20.41.3,2022.0,0.08108108108108109
"Производство мыла и моющих средств, чистящих и полирующих средств",20.41.3,2023.0,0.025
"Производство мыла и моющих средств, чистящих и полирующих средств",20.41.3,2024.0,0.14634146341463414
Производство средств для ароматизации и дезодорирования воздуха и восков,20.41.4,2021.0,
Производство средств для ароматизации и дезодорирования воздуха и восков,20.41.4,2022.0,
Производство средств для ароматизации и дезодорирования воздуха и восков,20.41.4,2023.0,
Производство средств для ароматизации и дезодорирования воздуха и восков,20.41.4,2024.0,
Производство парфюмерных и косметических средств,20.42,2021.0,0.09433962264150944
Производство парфюмерных и косметических средств,20.42,2022.0,0.1016949152542373
Производство парфюмерных и косметических средств,20.42,2023.0,0.056338028169014086
Производство парфюмерных и косметических средств,20.42,2024.0,0.075
Производство прочих химических продуктов,20.5,2021.0,0.03414634146341464
Производство прочих химических продуктов,20.5,2022.0,0.054187192118226604
Производство прочих химических продуктов,20.5,2023.0,0.008547008547008548
Производство прочих химических продуктов,20.5,2024.0,0.031007751937984496
Производство клеев,20.52,2021.0,
Производство клеев,20.52,2022.0,0.09090909090909091
Производство клеев,20.52,2023.0,
Производство клеев,20.52,2024.0,0.06666666666666667
Производство эфирных масел,20.53,2021.0,
Производство эфирных масел,20.53,2022.0,
Производство эфирных масел,20.53,2023.0,
Производство химических волокон,20.60,2021.0,0.08333333333333333
Производство химических волокон,20.60,2022.0,0.1
Производство химических волокон,20.60,2023.0,0.08333333333333333
Производство химических волокон,20.60,2024.0,0.0625
Производство синтетических волокон,20.60.1,2021.0,0.1
Производство синтетических волокон,20.60.1,2022.0,0.1111111111111111
Производство синтетических волокон,20.60.1,2023.0,0.125
Производство синтетических волокон,20.60.1,2024.0,
Производство искусственных волокон,20.60.2,2021.0,
Производство искусственных волокон,20.60.2,2022.0,
Производство искусственных волокон,20.60.2,2023.0,
Производство искусственных волокон,20.60.2,2024.0,0.3333333333333333
"Производство лекарственных средств и материалов, применяемых в медицинских целях",21,2021.0,0.05442176870748299
"Производство лекарственных средств и материалов, применяемых в медицинских целях",21,2022.0,0.05621301775147929
"Производство лекарственных средств и материалов, применяемых в медицинских целях и ветеринарии",21,2023.0,0.052054794520547946
"Производство лекарственных средств и материалов, применяемых в медицинских целях и ветеринарии",21,2024.0,0.06582278481012659
Производство фармацевтических субстанций,21.10,2021.0,
Производство фармацевтических субстанций,21.10,2022.0,0.0975609756097561
Производство фармацевтических субстанций,21.10,2023.0,0.04
Производство фармацевтических субстанций,21.10,2024.0,
"Производство лекарственных препаратов и материалов, применяемых в медицинских целях",21.20,2021.0,0.06324110671936758
"Производство лекарственных препаратов и материалов, применяемых в медицинских целях",21.20,2022.0,0.050505050505050504
"Производство лекарственных препаратов и материалов, применяемых в медицинских целях и ветеринарии",21.20,2023.0,0.05396825396825397
"Производство лекарственных препаратов и материалов, применяемых в медицинских целях и ветеринарии",21.20,2024.0,0.07242339832869081
Производство лекарственных препаратов,21.20.1,2021.0,0.06315789473684211
Производство лекарственных препаратов,21.20.1,2022.0,0.04201680672268908
Производство лекарственных препаратов для медицинского применения,21.20.1,2023.0,0.05511811023622047
Производство лекарственных препаратов для медицинского применения,21.20.1,2024.0,0.08304498269896193
"Производство материалов, применяемых в медицинских целях",21.20.2,2021.0,0.045454545454545456
"Производство материалов, применяемых в медицинских целях",21.20.2,2022.0,0.11627906976744186
"Производство материалов, применяемых в медицинских целях",21.20.2,2023.0,0.0425531914893617
"Производство материалов, применяемых в медицинских целях",21.20.2,2024.0,0.0392156862745098
Производство лекарственных препаратов для ветеринарного применения,21.20.3,2024.0,
Производство резиновых и пластмассовых изделий,22,2021.0,0.06888068880688807
Производство резиновых и пластмассовых изделий,22,2022.0,0.07429245283018868
Производство резиновых и пластмассовых изделий,22,2023.0,0.037383177570093455
Производство резиновых и пластмассовых изделий,22,2024.0,0.02959183673469388
Производство резиновых изделий,22.1,2021.0,0.058823529411764705
Производство резиновых изделий,22.1,2022.0,0.10891089108910891
Производство резиновых изделий,22.1,2023.0,0.0707070707070707
Производство резиновых изделий,22.1,2024.0,0.043859649122807015
"Производство резиновых шин, покрышек и камер; восстановление резиновых шин и покрышек",22.11,2021.0,0.08333333333333333
"Производство резиновых шин, покрышек и камер; восстановление резиновых шин и покрышек",22.11,2022.0,0.14285714285714285
"Производство резиновых шин, покрышек и камер; восстановление резиновых шин и покрышек",22.11,2023.0,0.041666666666666664
"Производство резиновых шин, покрышек и камер; восстановление резиновых шин и покрышек",22.11,2024.0,0.06896551724137931
Производство прочих резиновых изделий,22.19,2021.0,0.05128205128205128
Производство прочих резиновых изделий,22.19,2022.0,0.1
Производство прочих резиновых изделий,22.19,2023.0,0.08
Производство прочих резиновых изделий,22.19,2024.0,0.03529411764705882
"Производство регенерированной резины в первичной форме или в виде пластин, листов или полос (лент)",22.19.1,2021.0,0.18181818181818182
"Производство регенерированной резины в первичной форме или в виде пластин, листов или полос (лент)",22.19.1,2022.0,0.25
"Производство регенерированной резины в первичной форме или в виде пластин, листов или полос (лент)",22.19.1,2023.0,0.1111111111111111
"Производство регенерированной резины в первичной форме или в виде пластин, листов или полос (лент)",22.19.1,2024.0,0.1111111111111111
"Производство резиновых смесей и изделий из них; производство вулканизированной резины в виде нити, корда, пластин, листов, полос, прутков и профилей",22.19.2,2021.0,
"Производство резиновых смесей и изделий из них; производство вулканизированной резины в виде нити, корда, пластин, листов, полос, прутков и профилей",22.19.2,2022.0,0.1111111111111111
"Производство резиновых смесей и изделий из них; производство вулканизированной резины в виде нити, корда, пластин, листов, полос, прутков и профилей",22.19.2,2023.0,0.2727272727272727
"Производство резиновых смесей и изделий из них; производство вулканизированной резины в виде нити, корда, пластин, листов, полос, прутков и профилей",22.19.2,2024.0,0.07142857142857142
"Производство труб, трубок, рукавов и шлангов из вулканизированной резины",22.19.3,2021.0,
"Производство труб, трубок, рукавов и шлангов из вулканизированной резины",22.19.3,2022.0,
"Производство труб, трубок, рукавов и шлангов из вулканизированной резины",22.19.3,2023.0,
"Производство труб, трубок, рукавов и шлангов из вулканизированной резины",22.19.3,2024.0,
"Производство конвейерных лент и приводных ремней, бельтинга из вулканизированной резины",22.19.4,2021.0,
"Производство конвейерных лент и приводных ремней, бельтинга из вулканизированной резины",22.19.4,2022.0,
"Производство конвейерных лент и приводных ремней, бельтинга из вулканизированной резины",22.19.4,2023.0,
"Производство конвейерных лент и приводных ремней, бельтинга из вулканизированной резины",22.19.4,2024.0,
Производство предметов одежды и ее аксессуаров из вулканизированной резины,22.19.6,2022.0,
Производство предметов одежды и ее аксессуаров из вулканизированной резины,22.19.6,2023.0,
"Производство изделий из вулканизированной резины, не включенных в другие группировки",22.19.7,2021.0,0.05405405405405406
"Производство изделий из вулканизированной резины, не включенных в другие группировки",22.19.7,2022.0,0.10810810810810811
"Производство изделий из вулканизированной резины, не включенных в другие группировки",22.19.7,2023.0,0.06060606060606061
"Производство изделий из вулканизированной резины, не включенных в другие группировки",22.19.7,2024.0,0.03125
Производство изделий из пластмасс,22.2,2021.0,0.07032348804500703
Производство изделий из пластмасс,22.2,2022.0,0.06961178045515395
Производство изделий из пластмасс,22.2,2023.0,0.03302509907529723
Производство изделий из пластмасс,22.2,2024.0,0.02771362586605081
"Производство пластмассовых плит, полос, труб и профилей",22.21,2021.0,0.08992805755395683
"Производство пластмассовых плит, полос, труб и профилей",22.21,2022.0,0.06885245901639345
"Производство пластмассовых плит, полос, труб и профилей",22.21,2023.0,0.010309278350515464
"Производство пластмассовых плит, полос, труб и профилей",22.21,2024.0,0.021406727828746176
Производство пластмассовых изделий для упаковывания товаров,22.22,2021.0,0.07643312101910828
Производство пластмассовых изделий для упаковывания товаров,22.22,2022.0,0.08875739644970414
Производство пластмассовых изделий для упаковывания товаров,22.22,2023.0,0.044444444444444446
Производство пластмассовых изделий для упаковывания товаров,22.22,2024.0,0.022727272727272728
"Производство пластмассовых изделий, используемых в строительстве",22.23,2021.0,0.05
"Производство пластмассовых изделий, используемых в строительстве",22.23,2022.0,0.0703125
"Производство пластмассовых изделий, используемых в строительстве",22.23,2023.0,0.06766917293233082
"Производство пластмассовых изделий, используемых в строительстве",22.23,2024.0,0.056962025316455694
Производство прочих пластмассовых изделий,22.29,2021.0,0.04487179487179487
Производство прочих пластмассовых изделий,22.29,2022.0,0.04827586206896552
Производство прочих пластмассовых изделий,22.29,2023.0,0.032679738562091505
Производство прочих пластмассовых изделий,22.29,2024.0,0.018633540372670808
"Производство предметов одежды и аксессуаров для нее, включая перчатки, из пластмасс",22.29.1,2022.0,
"Производство предметов одежды и аксессуаров для нее, включая перчатки, из пластмасс",22.29.1,2023.0,
"Производство прочих изделий из пластмасс, не включенных в другие группировки, кроме устройств пломбировочных их пластика",22.29.2,2021.0,0.05555555555555555
"Производство прочих изделий из пластмасс, не включенных в другие группировки, кроме устройств пломбировочных из пластика",22.29.2,2022.0,0.05084745762711865
"Производство прочих изделий из пластмасс, не включенных в другие группировки, кроме устройств пломбировочных из пластика",22.29.2,2023.0,0.03278688524590164
"Производство прочих изделий из пластмасс, не включенных в другие группировки, кроме устройств пломбировочных из пластика",22.29.2,2024.0,0.022388059701492536
Предоставление услуг в области производства прочих пластмассовых изделий,22.29.9,2021.0,
Предоставление услуг в области производства прочих пластмассовых изделий,22.29.9,2022.0,
Предоставление услуг в области производства прочих пластмассовых изделий,22.29.9,2023.0,0.09090909090909091
Предоставление услуг в области производства прочих пластмассовых изделий,22.29.9,2024.0,
Производство прочей неметаллической минеральной продукции,23,2021.0,0.026272577996715927
Производство прочей неметаллической минеральной продукции,23,2022.0,0.04604200323101777
Производство прочей неметаллической минеральной продукции,23,2023.0,0.03852080123266564
Производство прочей неметаллической минеральной продукции,23,2024.0,0.028487947406866325
Производство стекла и изделий из стекла,23.1,2021.0,0.0273224043715847
Производство стекла и изделий из стекла,23.1,2022.0,0.056818181818181816
Производство стекла и изделий из стекла,23.1,2023.0,0.04
Производство стекла и изделий из стекла,23.1,2024.0,0.040697674418604654
Производство листового стекла,23.11,2021.0,
Производство листового стекла,23.11,2022.0,0.043478260869565216
Производство листового стекла,23.11,2023.0,
Производство листового стекла,23.11,2024.0,0.041666666666666664
Производство листового тянутого стекла,23.11.1,2021.0,
Производство листового тянутого стекла,23.11.1,2022.0,0.05263157894736842
Производство листового тянутого стекла,23.11.1,2023.0,
Производство листового тянутого стекла,23.11.1,2024.0,
"Производство листового узорчатого, прокатного (но не обработанного другим способом): армированного стекла",23.11.3,2021.0,
"Производство листового узорчатого, прокатного (но не обработанного другим способом): армированного стекла",23.11.3,2022.0,
"Производство листового узорчатого, прокатного (но не обработанного другим способом): армированного стекла",23.11.3,2023.0,
"Производство листового узорчатого, прокатного (но не обработанного другим способом): армированного стекла",23.11.3,2024.0,
"Производство бесцветного листового стекла, изготовленного методом флоат",23.11.4,2021.0,
"Производство бесцветного листового стекла, изготовленного методом флоат",23.11.4,2022.0,
"Производство бесцветного листового стекла, изготовленного методом флоат",23.11.4,2024.0,
"Производство листового стекла, прочего",23.11.9,2023.0,
"Производство листового стекла, прочего",23.11.9,2024.0,
Формирование и обработка листового стекла,23.12,2021.0,0.03571428571428571
Формирование и обработка листового стекла,23.12,2022.0,0.03571428571428571
Формирование и обработка листового стекла,23.12,2023.0,0.0847457627118644
Формирование и обработка листового стекла,23.12,2024.0,0.0625
Производство упрочненного (в том числе термически упрочненного и закаленного) стекла,23.12.1,2021.0,0.029411764705882353
Производство упрочненного (в том числе термически упрочненного и закаленного) стекла,23.12.1,2022.0,0.030303030303030304
Производство упрочненного (в том числе термически упрочненного и закаленного) стекла,23.12.1,2023.0,0.09090909090909091
Производство упрочненного (в том числе термически упрочненного и закаленного) стекла,23.12.1,2024.0,0.08571428571428572
Производство стеклянных зеркал,23.12.2,2023.0,
Производство многослойного стекла для строительства,23.12.3,2021.0,
Производство многослойного стекла для строительства,23.12.3,2022.0,
Производство многослойного стекла для строительства,23.12.3,2023.0,
Производство многослойного стекла для строительства,23.12.3,2024.0,
Производство стеклопакетов,23.12.5,2022.0,
Производство стеклопакетов,23.12.5,2023.0,
Производство стеклопакетов,23.12.5,2024.0,0.07142857142857142
Производство полых стеклянных изделий,23.13,2021.0,0.041666666666666664
Производство полых стеклянных изделий,23.13,2022.0,0.08
Производство полых стеклянных изделий,23.13,2023.0,0.018867924528301886
Производство полых стеклянных изделий,23.13,2024.0,0.037037037037037035
Производство бутылок и прочих емкостей из стекла или хрусталя,23.13.1,2021.0,0.05555555555555555
Производство бутылок и прочих емкостей из стекла или хрусталя,23.13.1,2022.0,0.11428571428571428
Производство бутылок и прочих емкостей из стекла или хрусталя,23.13.1,2023.0,0.02564102564102564
Производство бутылок и прочих емкостей из стекла или хрусталя,23.13.1,2024.0,0.045454545454545456
Производство стаканов и прочих сосудов для питья из стекла или хрусталя,23.13.2,2021.0,
Производство стаканов и прочих сосудов для питья из стекла или хрусталя,23.13.2,2022.0,
Производство стаканов и прочих сосудов для питья из стекла или хрусталя,23.13.2,2023.0,
Производство стаканов и прочих сосудов для питья из стекла или хрусталя,23.13.2,2024.0,
Производство столовой и кухонной посуды из стекла или хрусталя,23.13.3,2021.0,
Производство столовой и кухонной посуды из стекла или хрусталя,23.13.3,2022.0,
Производство столовой и кухонной посуды из стекла или хрусталя,23.13.3,2023.0,
Производство столовой и кухонной посуды из стекла или хрусталя,23.13.3,2024.0,
Производство стекловолокна,23.14,2021.0,
Производство стекловолокна,23.14,2022.0,0.045454545454545456
Производство стекловолокна,23.14,2023.0,
Производство стекловолокна,23.14,2024.0,
"Производство и обработка прочих стеклянных изделий, включая технические изделия из стекла",23.19,2021.0,0.03125
"Производство и обработка прочих стеклянных изделий, включая технические изделия из стекла",23.19,2022.0,0.08
"Производство и обработка прочих стеклянных изделий, включая технические изделия из стекла",23.19,2023.0,0.04
"Производство и обработка прочих стеклянных изделий, включая технические изделия из стекла",23.19,2024.0,
"Производство необработанного стекла в блоках, в виде шаров, прутков, труб или трубок",23.19.1,2021.0,
"Производство необработанного стекла в блоках, в виде шаров, прутков, труб или трубок",23.19.1,2022.0,
"Производство необработанного стекла в блоках, в виде шаров, прутков, труб или трубок",23.19.1,2023.0,
"Производство необработанного стекла в блоках, в виде шаров, прутков, труб или трубок",23.19.1,2024.0,
"Производство блоков для мощения, стеклоблоков, плит и прочих изделий из прессованного или отформованного стекла, используемых в строительстве; производство стекла для витражей; производство многоячеистого стекла или пеностекла в блоках, плитах и аналогичных формах",23.19.2,2021.0,
"Производство блоков для мощения, стеклоблоков, плит и прочих изделий из прессованного или отформованного стекла, используемых в строительстве; производство стекла для витражей; производство многоячеистого стекла или пеностекла в блоках, плитах и аналогичных формах",23.19.2,2022.0,
"Производство блоков для мощения, стеклоблоков, плит и прочих изделий из прессованного или отформованного стекла, используемых в строительстве; производство стекла для витражей; производство многоячеистого стекла или пеностекла в блоках, плитах и аналогичных формах",23.19.2,2023.0,
"Производство блоков для мощения, стеклоблоков, плит и прочих изделий из прессованного или отформованного стекла, используемых в строительстве; производство стекла для витражей; производство многоячеистого стекла или пеностекла в блоках, плитах и аналогичных формах",23.19.2,2024.0,
"Производство посуды для лабораторных, фармацевтических и гигиенических целей из стекла; производство ампул и прочих изделий из медицинского стекла",23.19.5,2021.0,
"Производство посуды для лабораторных, фармацевтических и гигиенических целей из стекла; производство ампул и прочих изделий из медицинского стекла",23.19.5,2022.0,
"Производство посуды для лабораторных, фармацевтических и гигиенических целей из стекла; производство ампул и прочих изделий из медицинского стекла",23.19.5,2023.0,
"Производство посуды для лабораторных, фармацевтических и гигиенических целей из стекла; производство ампул и прочих изделий из медицинского стекла",23.19.5,2024.0,
"Производство стеклянных деталей электрических ламп и осветительной арматуры, световых указателей, световых табло и аналогичных изделий",23.19.6,2021.0,
"Производство стеклянных деталей электрических ламп и осветительной арматуры, световых указателей, световых табло и аналогичных изделий",23.19.6,2022.0,
"Производство стеклянных деталей электрических ламп и осветительной арматуры, световых указателей, световых табло и аналогичных изделий",23.19.6,2023.0,
"Производство стеклянных деталей электрических ламп и осветительной арматуры, световых указателей, световых табло и аналогичных изделий",23.19.6,2024.0,
Производство электрических изоляторов из стекла,23.19.7,2021.0,
Производство электрических изоляторов из стекла,23.19.7,2022.0,
Производство электрических изоляторов из стекла,23.19.7,2023.0,
Производство электрических изоляторов из стекла,23.19.7,2024.0,
"Производство прочих изделий из стекла, не включенных в другие группировки",23.19.9,2021.0,0.14285714285714285
"Производство прочих изделий из стекла, не включенных в другие группировки",23.19.9,2022.0,0.2857142857142857
"Производство прочих изделий из стекла, не включенных в другие группировки",23.19.9,2023.0,0.1
"Производство прочих изделий из стекла, не включенных в другие группировки",23.19.9,2024.0,
Производство огнеупорных изделий,23.20,2021.0,0.023255813953488372
Производство огнеупорных изделий,23.20,2022.0,0.021739130434782608
Производство огнеупорных изделий,23.20,2023.0,0.045454545454545456
Производство огнеупорных изделий,23.20,2024.0,0.06818181818181818
"Производство огнеупорных кирпичей, блоков, плиток",23.20.1,2021.0,0.047619047619047616
"Производство огнеупорных кирпичей, блоков, плиток",23.20.1,2022.0,0.038461538461538464
"Производство огнеупорных кирпичей, блоков, плиток",23.20.1,2023.0,0.04
"Производство огнеупорных кирпичей, блоков, плиток",23.20.1,2024.0,0.125
"Производство огнеупорных цементов, растворов, бетонов и аналогичных составов",23.20.2,2021.0,
"Производство огнеупорных цементов, растворов, бетонов и аналогичных составов",23.20.2,2022.0,
"Производство огнеупорных цементов, растворов, бетонов и аналогичных составов",23.20.2,2023.0,
"Производство огнеупорных цементов, растворов, бетонов и аналогичных составов",23.20.2,2024.0,
Производство безобжиговых огнеупорных изделий,23.20.3,2021.0,
Производство безобжиговых огнеупорных изделий,23.20.3,2022.0,
Производство безобжиговых огнеупорных изделий,23.20.3,2023.0,0.2
Производство безобжиговых огнеупорных изделий,23.20.3,2024.0,
Производство прочих огнеупорных керамических изделий,23.20.9,2021.0,
Производство прочих огнеупорных керамических изделий,23.20.9,2022.0,
Производство прочих огнеупорных керамических изделий,23.20.9,2023.0,
Производство прочих огнеупорных керамических изделий,23.20.9,2024.0,
Производство строительных керамических материалов,23.3,2021.0,0.034482758620689655
Производство строительных керамических материалов,23.3,2022.0,0.02142857142857143
Производство строительных керамических материалов,23.3,2023.0,0.022388059701492536
Производство строительных керамических материалов,23.3,2024.0,0.014705882352941176
Производство керамических плит и плиток,23.31,2021.0,
Производство керамических плит и плиток,23.31,2022.0,0.03225806451612903
Производство керамических плит и плиток,23.31,2023.0,0.0625
Производство керамических плит и плиток,23.31,2024.0,
"Производство кирпича, черепицы и прочих строительных изделий из обожженной глины",23.32,2021.0,0.04424778761061947
"Производство кирпича, черепицы и прочих строительных изделий из обожженной глины",23.32,2022.0,0.01834862385321101
"Производство кирпича, черепицы и прочих строительных изделий из обожженной глины",23.32,2023.0,0.00980392156862745
"Производство кирпича, черепицы и прочих строительных изделий из обожженной глины",23.32,2024.0,0.018867924528301886
Производство прочих фарфоровых и керамических изделий,23.4,2021.0,
Производство прочих фарфоровых и керамических изделий,23.4,2022.0,
Производство прочих фарфоровых и керамических изделий,23.4,2023.0,
Производство прочих фарфоровых и керамических изделий,23.4,2024.0,
Производство хозяйственных и декоративных керамических изделий,23.41,2021.0,
Производство хозяйственных и декоративных керамических изделий,23.41,2022.0,
Производство хозяйственных и декоративных керамических изделий,23.41,2023.0,
Производство хозяйственных и декоративных керамических изделий,23.41,2024.0,
Производство столовой и кухонной керамической посуды,23.41.1,2021.0,
Производство столовой и кухонной керамической посуды,23.41.1,2022.0,
Производство столовой и кухонной керамической посуды,23.41.1,2023.0,
Производство столовой и кухонной керамической посуды,23.41.1,2024.0,
Производство керамических санитарно-технических изделий,23.42,2021.0,
Производство керамических санитарно-технических изделий,23.42,2022.0,
Производство керамических санитарно-технических изделий,23.42,2023.0,
Производство керамических санитарно-технических изделий,23.42,2024.0,
Производство керамических изоляторов и изолирующей арматуры,23.43,2021.0,
Производство керамических изоляторов и изолирующей арматуры,23.43,2022.0,
Производство керамических изоляторов и изолирующей арматуры,23.43,2023.0,
Производство керамических изоляторов и изолирующей арматуры,23.43,2024.0,
Производство прочих технических керамических изделий,23.44,2021.0,
Производство прочих технических керамических изделий,23.44,2022.0,
Производство прочих технических керамических изделий,23.44,2023.0,
Производство прочих технических керамических изделий,23.44,2024.0,
"Производство керамических изделий лабораторного, химического и промышленного назначения",23.44.1,2021.0,
"Производство керамических изделий лабораторного, химического и промышленного назначения",23.44.1,2022.0,
"Производство керамических изделий лабораторного, химического и промышленного назначения",23.44.1,2023.0,
"Производство керамических изделий лабораторного, химического и промышленного назначения",23.44.1,2024.0,
Производство прочих керамических изделий,23.49,2022.0,
Производство прочих керамических изделий,23.49,2023.0,
Производство прочих керамических изделий,23.49,2024.0,
"Производство керамических горшков, банок, кувшинов и подобных изделий, используемых для транспортирования или упаковывания товаров",23.49.1,2022.0,
"Производство керамических изделий, не включенных в другие группировки",23.49.9,2023.0,
"Производство керамических изделий, не включенных в другие группировки",23.49.9,2024.0,
"Производство цемента, извести и гипса",23.5,2021.0,0.030927835051546393
"Производство цемента, извести и гипса",23.5,2022.0,0.08163265306122448
"Производство цемента, извести и гипса",23.5,2023.0,0.07017543859649122
"Производство цемента, извести и гипса",23.5,2024.0,0.047619047619047616
Производство цемента,23.51,2021.0,0.02702702702702703
Производство цемента,23.51,2022.0,0.08108108108108109
Производство цемента,23.51,2023.0,0.07954545454545454
Производство цемента,23.51,2024.0,0.06060606060606061
Производство извести и гипса,23.52,2021.0,0.043478260869565216
Производство извести и гипса,23.52,2022.0,0.08333333333333333
Производство извести и гипса,23.52,2023.0,0.038461538461538464
Производство извести и гипса,23.52,2024.0,
"Производство негашеной, гашеной и гидравлической извести",23.52.1,2021.0,0.05555555555555555
"Производство негашеной, гашеной и гидравлической извести",23.52.1,2022.0,0.05263157894736842
"Производство негашеной, гашеной и гидравлической извести",23.52.1,2023.0,0.05
"Производство негашеной, гашеной и гидравлической извести",23.52.1,2024.0,
Производство гипса,23.52.2,2021.0,
Производство гипса,23.52.2,2022.0,0.2
Производство гипса,23.52.2,2023.0,
Производство гипса,23.52.2,2024.0,
"Производство изделий из бетона, цемента и гипса",23.6,2021.0,0.020793950850661626
"Производство изделий из бетона, цемента и гипса",23.6,2022.0,0.04946996466431095
"Производство изделий из бетона, цемента и гипса",23.6,2023.0,0.04088586030664395
"Производство изделий из бетона, цемента и гипса",23.6,2024.0,0.024193548387096774
Производство изделий из бетона для использования в строительстве,23.61,2021.0,0.02631578947368421
Производство изделий из бетона для использования в строительстве,23.61,2022.0,0.04310344827586207
Производство изделий из бетона для использования в строительстве,23.61,2023.0,0.031161473087818695
Производство изделий из бетона для использования в строительстве,23.61,2024.0,0.015706806282722512
"Производство готовых строительных изделий из бетона, цемента и искусственного камня",23.61.1,2021.0,0.04060913705583756
"Производство готовых строительных изделий из бетона, цемента и искусственного камня",23.61.1,2022.0,0.054455445544554455
"Производство готовых строительных изделий из бетона, цемента и искусственного камня",23.61.1,2023.0,0.04
"Производство готовых строительных изделий из бетона, цемента и искусственного камня",23.61.1,2024.0,0.013761467889908258
"Производство сборных строительных конструкций из бетона, цемента и искусственного камня",23.61.2,2021.0,
"Производство сборных строительных конструкций из бетона, цемента и искусственного камня",23.61.2,2022.0,0.010416666666666666
"Производство сборных строительных конструкций из бетона, цемента и искусственного камня",23.61.2,2023.0,0.019230769230769232
"Производство сборных строительных конструкций из бетона, цемента и искусственного камня",23.61.2,2024.0,0.0196078431372549
Производство гипсовых изделий для использования в строительстве,23.62,2021.0,0.041666666666666664
Производство гипсовых изделий для использования в строительстве,23.62,2022.0,0.08
Производство гипсовых изделий для использования в строительстве,23.62,2023.0,0.041666666666666664
Производство гипсовых изделий для использования в строительстве,23.62,2024.0,0.09090909090909091
Производство товарного бетона,23.63,2021.0,
Производство товарного бетона,23.63,2022.0,0.03614457831325301
Производство товарного бетона,23.63,2023.0,0.06796116504854369
Производство товарного бетона,23.63,2024.0,0.038834951456310676
Производство сухих бетонных смесей,23.64,2021.0,0.015151515151515152
Производство сухих бетонных смесей,23.64,2022.0,0.0875
Производство сухих бетонных смесей,23.64,2023.0,0.05263157894736842
Производство сухих бетонных смесей,23.64,2024.0,0.03614457831325301
Производство изделий из хризотилцемента и волокнистого цемента,23.65,2021.0,
Производство изделий из хризотилцемента и волокнистого цемента,23.65,2022.0,
Производство изделий из хризотилцемента и волокнистого цемента,23.65,2023.0,
Производство изделий из хризотилцемента и волокнистого цемента,23.65,2024.0,
"Производство строительных материалов из растительного сырья, смешанного с цементом, гипсом или прочими минеральными связующими веществами",23.65.1,2021.0,
"Производство строительных материалов из растительного сырья, смешанного с цементом, гипсом или прочими минеральными связующими веществами",23.65.1,2022.0,
"Производство строительных материалов из растительного сырья, смешанного с цементом, гипсом или прочими минеральными связующими веществами",23.65.1,2023.0,
"Производство строительных материалов из растительного сырья, смешанного с цементом, гипсом или прочими минеральными связующими веществами",23.65.1,2024.0,
Производство изделий из хризотилцемента и волокнистого цемента с волокнами целлюлозы или аналогичных материалов,23.65.2,2021.0,
Производство изделий из хризотилцемента и волокнистого цемента с волокнами целлюлозы или аналогичных материалов,23.65.2,2022.0,
Производство изделий из хризотилцемента и волокнистого цемента с волокнами целлюлозы или аналогичных материалов,23.65.2,2023.0,
Производство изделий из хризотилцемента и волокнистого цемента с волокнами целлюлозы или аналогичных материалов,23.65.2,2024.0,
"Производство прочих изделий из гипса, бетона или цемента",23.69,2021.0,
"Производство прочих изделий из гипса, бетона или цемента",23.69,2022.0,0.058823529411764705
"Производство прочих изделий из гипса, бетона или цемента",23.69,2023.0,0.05
"Производство прочих изделий из гипса, бетона или цемента",23.69,2024.0,
"Резка, обработка и отделка камня",23.70,2021.0,
"Резка, обработка и отделка камня",23.70,2022.0,0.043478260869565216
"Резка, обработка и отделка камня",23.70,2023.0,
"Резка, обработка и отделка камня",23.70,2024.0,
"Резка, обработка и отделка камня для использования в строительстве в качестве дорожного покрытия",23.70.1,2021.0,
"Резка, обработка и отделка камня для использования в строительстве в качестве дорожного покрытия",23.70.1,2022.0,0.09090909090909091
"Резка, обработка и отделка камня для использования в строительстве в качестве дорожного покрытия",23.70.1,2023.0,
"Резка, обработка и отделка камня для использования в строительстве в качестве дорожного покрытия",23.70.1,2024.0,
"Резка, обработка и отделка камня для памятников",23.70.2,2021.0,
"Резка, обработка и отделка камня для памятников",23.70.2,2022.0,
"Резка, обработка и отделка камня для памятников",23.70.2,2023.0,
"Резка, обработка и отделка камня для памятников",23.70.2,2024.0,
Производство гранул и порошков из природного камня,23.70.3,2021.0,
Производство гранул и порошков из природного камня,23.70.3,2022.0,
Производство гранул и порошков из природного камня,23.70.3,2023.0,
Производство гранул и порошков из природного камня,23.70.3,2024.0,
"Производство абразивных и неметаллических минеральных изделий, не включенных в другие группировки",23.9,2021.0,0.04216867469879518
"Производство абразивных и неметаллических минеральных изделий, не включенных в другие группировки",23.9,2022.0,0.03680981595092025
"Производство абразивных и неметаллических минеральных изделий, не включенных в другие группировки",23.9,2023.0,0.031413612565445025
"Производство абразивных и неметаллических минеральных изделий, не включенных в другие группировки",23.9,2024.0,0.027906976744186046
Производство абразивных изделий,23.91,2021.0,0.07142857142857142
Производство абразивных изделий,23.91,2022.0,0.07692307692307693
Производство абразивных изделий,23.91,2023.0,0.0625
Производство абразивных изделий,23.91,2024.0,
"Производство прочей неметаллической минеральной продукции, не включенной в другие группировки",23.99,2021.0,0.039473684210526314
"Производство прочей неметаллической минеральной продукции, не включенной в другие группировки",23.99,2022.0,0.03333333333333333
"Производство прочей неметаллической минеральной продукции, не включенной в другие группировки",23.99,2023.0,0.02857142857142857
"Производство прочей неметаллической минеральной продукции, не включенной в другие группировки",23.99,2024.0,0.03
"Производство обработанных хризотиловых волокон, смесей на основе хризотила и изделий из них",23.99.1,2021.0,
"Производство обработанных хризотиловых волокон, смесей на основе хризотила и изделий из них",23.99.1,2022.0,
"Производство обработанных хризотиловых волокон, смесей на основе хризотила и изделий из них",23.99.1,2023.0,0.1111111111111111
"Производство обработанных хризотиловых волокон, смесей на основе хризотила и изделий из них",23.99.1,2024.0,
Производство изделий из асфальта или аналогичных материалов,23.99.2,2021.0,0.037037037037037035
Производство изделий из асфальта или аналогичных материалов,23.99.2,2022.0,
Производство изделий из асфальта или аналогичных материалов,23.99.2,2023.0,0.030303030303030304
Производство изделий из асфальта или аналогичных материалов,23.99.2,2024.0,
"Производство битуминозных смесей на основе природного асфальта или битума, нефтяного битума, минеральных смол или их пеков",23.99.3,2021.0,0.02857142857142857
"Производство битуминозных смесей на основе природного асфальта или битума, нефтяного битума, минеральных смол или их пеков",23.99.3,2022.0,0.058823529411764705
"Производство битуминозных смесей на основе природного асфальта или битума, нефтяного битума, минеральных смол или их пеков",23.99.3,2023.0,
"Производство битуминозных смесей на основе природного асфальта или битума, нефтяного битума, минеральных смол или их пеков",23.99.3,2024.0,0.07142857142857142
"Производство искусственного графита, коллоидного или полуколлоидного графита, продуктов на основе графита или прочих форм углерода в виде полуфабрикатов",23.99.4,2021.0,
"Производство искусственного графита, коллоидного или полуколлоидного графита, продуктов на основе графита или прочих форм углерода в виде полуфабрикатов",23.99.4,2022.0,0.09090909090909091
"Производство искусственного графита, коллоидного или полуколлоидного графита, продуктов на основе графита или прочих форм углерода в виде полуфабрикатов",23.99.4,2023.0,
"Производство искусственного графита, коллоидного или полуколлоидного графита, продуктов на основе графита или прочих форм углерода в виде полуфабрикатов",23.99.4,2024.0,
Производство искусственного корунда,23.99.5,2021.0,
Производство искусственного корунда,23.99.5,2022.0,
Производство искусственного корунда,23.99.5,2023.0,
Производство искусственного корунда,23.99.5,2024.0,
Производство минеральных тепло- и звукоизоляционных материалов и изделий,23.99.6,2021.0,0.06779661016949153
Производство минеральных тепло- и звукоизоляционных материалов и изделий,23.99.6,2022.0,0.03225806451612903
Производство минеральных тепло- и звукоизоляционных материалов и изделий,23.99.6,2023.0,0.04225352112676056
Производство минеральных тепло- и звукоизоляционных материалов и изделий,23.99.6,2024.0,0.03125
Производство минеральных теплоизоляционных материалов и изделий,23.99.61,2021.0,0.08163265306122448
Производство минеральных теплоизоляционных материалов и изделий,23.99.61,2022.0,0.03773584905660377
Производство минеральных теплоизоляционных материалов и изделий,23.99.61,2023.0,0.046153846153846156
Производство минеральных теплоизоляционных материалов и изделий,23.99.61,2024.0,
Производство минеральных звукоизоляционных материалов и изделий,23.99.62,2021.0,
Производство минеральных звукоизоляционных материалов и изделий,23.99.62,2022.0,
Производство минеральных звукоизоляционных материалов и изделий,23.99.62,2023.0,
Производство минеральных звукоизоляционных материалов и изделий,23.99.62,2024.0,
Производство металлургическое,24,2021.0,0.06338028169014084
Производство металлургическое,24,2022.0,0.10491803278688525
Производство металлургическое,24,2023.0,0.0732899022801303
Производство металлургическое,24,2024.0,0.0852359208523592
Производство прочих цветных металлов; производство ядерного топлива,24.04.АГ,2021.0,0.22580645161290322
Производство прочих цветных металлов; производство ядерного топлива,24.04.АГ,2022.0,0.15789473684210525
Производство прочих цветных металлов; производство ядерного топлива,24.04.АГ,2023.0,0.15384615384615385
Производство прочих цветных металлов; производство ядерного топлива,24.04.АГ,2024.0,0.15384615384615385
"Литье легких и прочих цветных металлов, не включенных в другие группировки",24.05.АГ,2021.0,
"Литье легких и прочих цветных металлов, не включенных в другие группировки",24.05.АГ,2022.0,0.09090909090909091
"Литье легких и прочих цветных металлов, не включенных в другие группировки",24.05.АГ,2023.0,0.1
"Литье легких и прочих цветных металлов, не включенных в другие группировки",24.05.АГ,2024.0,
"Производство чугуна, стали и ферросплавов",24.10,2021.0,0.08270676691729323
"Производство чугуна, стали и ферросплавов",24.10,2022.0,0.14184397163120568
"Производство чугуна, стали и ферросплавов",24.10,2023.0,0.1037037037037037
"Производство чугуна, стали и ферросплавов",24.10,2024.0,0.12030075187969924
Производство основных продуктов из железа и стали,24.10.1,2021.0,
Производство основных продуктов из железа и стали,24.10.1,2022.0,
Производство основных продуктов из железа и стали,24.10.1,2023.0,
Производство основных продуктов из железа и стали,24.10.1,2024.0,
Производство чугуна,24.10.11,2021.0,
Производство чугуна,24.10.11,2022.0,
Производство чугуна,24.10.11,2023.0,
Производство чугуна,24.10.11,2024.0,
Производство ферросплавов,24.10.12,2021.0,
Производство ферросплавов,24.10.12,2022.0,
Производство ферросплавов,24.10.12,2023.0,
Производство ферросплавов,24.10.12,2024.0,
Производство продуктов прямого восстановления железной руды и губчатого железа,24.10.13,2021.0,
Производство продуктов прямого восстановления железной руды и губчатого железа,24.10.13,2022.0,
Производство продуктов прямого восстановления железной руды и губчатого железа,24.10.13,2023.0,
Производство продуктов прямого восстановления железной руды и губчатого железа,24.10.13,2024.0,
Производство гранул и порошков из чугуна или стали,24.10.14,2021.0,
Производство гранул и порошков из чугуна или стали,24.10.14,2022.0,
Производство гранул и порошков из чугуна или стали,24.10.14,2023.0,
Производство гранул и порошков из чугуна или стали,24.10.14,2024.0,
Производство стали в слитках,24.10.2,2021.0,
Производство стали в слитках,24.10.2,2022.0,0.043478260869565216
Производство стали в слитках,24.10.2,2023.0,
Производство стали в слитках,24.10.2,2024.0,0.037037037037037035
Производство листового горячекатаного стального проката,24.10.3,2021.0,0.6666666666666666
Производство листового горячекатаного стального проката,24.10.3,2022.0,0.6666666666666666
Производство листового горячекатаного стального проката,24.10.3,2023.0,0.5555555555555556
Производство листового горячекатаного стального проката,24.10.3,2024.0,0.25
Производство листового холоднокатаного стального проката,24.10.4,2021.0,
Производство листового холоднокатаного стального проката,24.10.4,2022.0,
Производство листового холоднокатаного стального проката,24.10.4,2023.0,
Производство листового холоднокатаного стального проката,24.10.4,2024.0,0.2777777777777778
"Производство листового холоднокатаного стального проката, плакированного, с гальваническим или иным покрытием",24.10.5,2021.0,0.25
"Производство листового холоднокатаного стального проката, плакированного, с гальваническим или иным покрытием",24.10.5,2022.0,0.16666666666666666
"Производство листового холоднокатаного стального проката, плакированного, с гальваническим или иным покрытием",24.10.5,2023.0,0.3333333333333333
"Производство листового холоднокатаного стального проката, плакированного, с гальваническим или иным покрытием",24.10.5,2024.0,0.4
Производство сортового горячекатаного проката и катанки,24.10.6,2021.0,0.15789473684210525
Производство сортового горячекатаного проката и катанки,24.10.6,2022.0,0.42857142857142855
Производство сортового горячекатаного проката и катанки,24.10.6,2023.0,0.25
Производство сортового горячекатаного проката и катанки,24.10.6,2024.0,0.13043478260869565
"Производство незамкнутых стальных профилей горячей обработки, листового проката в пакетах и стального рельсового профиля для железных дорог и трамвайных путей",24.10.7,2021.0,0.1
"Производство незамкнутых стальных профилей горячей обработки, листового проката в пакетах и стального рельсового профиля для железных дорог и трамвайных путей",24.10.7,2022.0,0.25
"Производство незамкнутых стальных профилей горячей обработки, листового проката в пакетах и стального рельсового профиля для железных дорог и трамвайных путей",24.10.7,2023.0,0.2
"Производство незамкнутых стальных профилей горячей обработки, листового проката в пакетах и стального рельсового профиля для железных дорог и трамвайных путей",24.10.7,2024.0,0.3333333333333333
"Производство прочего проката из черных металлов, не включенного в другие группировки",24.10.9,2021.0,
"Производство прочего проката из черных металлов, не включенного в другие группировки",24.10.9,2022.0,0.3333333333333333
"Производство прочего проката из черных металлов, не включенного в другие группировки",24.10.9,2023.0,0.1111111111111111
"Производство прочего проката из черных металлов, не включенного в другие группировки",24.10.9,2024.0,0.25
"Производство стальных труб, полых профилей и фитингов",24.20,2021.0,0.056179775280898875
"Производство стальных труб, полых профилей и фитингов",24.20,2022.0,0.16
"Производство стальных труб, полых профилей и фитингов",24.20,2023.0,0.10526315789473684
"Производство стальных труб, полых профилей и фитингов",24.20,2024.0,0.1
Производство бесшовных труб и пустотелых профилей,24.20.1,2021.0,0.05263157894736842
Производство бесшовных труб и пустотелых профилей,24.20.1,2022.0,0.15384615384615385
Производство бесшовных труб и пустотелых профилей,24.20.1,2023.0,0.08333333333333333
Производство бесшовных труб и пустотелых профилей,24.20.1,2024.0,0.15384615384615385
Производство сварных труб,24.20.2,2021.0,0.07317073170731707
Производство сварных труб,24.20.2,2022.0,0.2222222222222222
Производство сварных труб,24.20.2,2023.0,0.13953488372093023
Производство сварных труб,24.20.2,2024.0,0.1111111111111111
"Производство стальных фитингов для труб, кроме литых",24.20.3,2021.0,0.05555555555555555
"Производство стальных фитингов для труб, кроме литых",24.20.3,2022.0,0.17391304347826086
"Производство стальных фитингов для труб, кроме литых",24.20.3,2023.0,
"Производство стальных фитингов для труб, кроме литых",24.20.3,2024.0,
Производство прочих стальных изделий первичной обработкой,24.3,2021.0,0.04081632653061224
Производство прочих стальных изделий первичной обработкой,24.3,2022.0,0.034482758620689655
Производство прочих стальных изделий первичной обработкой,24.3,2023.0,0.031578947368421054
Производство прочих стальных изделий первичной обработкой,24.3,2024.0,0.07627118644067797
Производство стальных прутков и сплошных профилей методом холодного волочения,24.31,2021.0,
Производство стальных прутков и сплошных профилей методом холодного волочения,24.31,2022.0,
Производство стальных прутков и сплошных профилей методом холодного волочения,24.31,2023.0,
Производство холоднотянутого штрипса,24.32,2021.0,
Производство холоднотянутого штрипса,24.32,2022.0,
Производство холоднотянутого штрипса,24.32,2023.0,0.14285714285714285
Производство холоднотянутого штрипса,24.32,2024.0,
Производство профилей с помощью холодной штамповки или гибки,24.33,2021.0,0.04
Производство профилей с помощью холодной штамповки или гибки,24.33,2022.0,0.029850746268656716
Производство профилей с помощью холодной штамповки или гибки,24.33,2023.0,0.014084507042253521
Производство профилей с помощью холодной штамповки или гибки,24.33,2024.0,0.07526881720430108
Производство проволоки методом холодного волочения,24.34,2021.0,0.0625
Производство проволоки методом холодного волочения,24.34,2022.0,0.08333333333333333
Производство проволоки методом холодного волочения,24.34,2023.0,0.06666666666666667
Производство проволоки методом холодного волочения,24.34,2024.0,0.11764705882352941
"Производство основных драгоценных металлов и прочих цветных металлов, производство ядерного топлива",24.4,2021.0,0.08196721311475409
"Производство основных драгоценных металлов и прочих цветных металлов, производство ядерного топлива",24.4,2022.0,0.0867579908675799
"Производство основных драгоценных металлов и прочих цветных металлов, производство ядерного топлива",24.4,2023.0,0.07623318385650224
"Производство основных драгоценных металлов и прочих цветных металлов, производство ядерного топлива",24.4,2024.0,0.07758620689655173
Производство драгоценных металлов,24.41,2021.0,0.02702702702702703
Производство драгоценных металлов,24.41,2022.0,0.07407407407407407
Производство драгоценных металлов,24.41,2023.0,0.08
Производство драгоценных металлов,24.41,2024.0,0.06521739130434782
Производство алюминия,24.42,2021.0,0.046153846153846156
Производство алюминия,24.42,2022.0,0.05714285714285714
Производство алюминия,24.42,2023.0,0.0684931506849315
Производство алюминия,24.42,2024.0,0.06329113924050633
"Производство свинца, цинка и олова",24.43,2021.0,0.08333333333333333
"Производство свинца, цинка и олова",24.43,2022.0,0.07692307692307693
"Производство свинца, цинка и олова",24.43,2023.0,
"Производство свинца, цинка и олова",24.43,2024.0,
Производство свинца,24.43.1,2021.0,0.16666666666666666
Производство свинца,24.43.1,2022.0,0.14285714285714285
Производство свинца,24.43.1,2023.0,
Производство свинца,24.43.1,2024.0,
Производство цинка,24.43.2,2021.0,
Производство цинка,24.43.2,2022.0,
Производство цинка,24.43.2,2023.0,
Производство цинка,24.43.2,2024.0,
Производство олова,24.43.3,2021.0,
Производство олова,24.43.3,2022.0,
Производство олова,24.43.3,2023.0,
Производство олова,24.43.3,2024.0,
Производство меди,24.44,2021.0,0.07894736842105263
Производство меди,24.44,2022.0,0.09090909090909091
Производство меди,24.44,2023.0,0.04
Производство меди,24.44,2024.0,0.0784313725490196
Литье металлов,24.5,2021.0,0.015384615384615385
Литье металлов,24.5,2022.0,0.09523809523809523
Литье металлов,24.5,2023.0,0.015151515151515152
Литье металлов,24.5,2024.0,0.03125
Литье чугуна,24.51,2021.0,
Литье чугуна,24.51,2022.0,0.12903225806451613
Литье чугуна,24.51,2023.0,
Литье чугуна,24.51,2024.0,0.037037037037037035
Литье стали,24.52,2021.0,0.04
Литье стали,24.52,2022.0,0.047619047619047616
Литье стали,24.52,2023.0,
Литье стали,24.52,2024.0,0.04
"Производство готовых металлических изделий, кроме машин и оборудования",25,2021.0,0.042993630573248405
"Производство готовых металлических изделий, кроме машин и оборудования",25,2022.0,0.056784660766961655
"Производство готовых металлических изделий, кроме машин и оборудования",25,2023.0,0.042090970807875085
"Производство готовых металлических изделий, кроме машин и оборудования",25,2024.0,0.048284625158831
"Производство готовых металлических изделий, не включенных в другие группировки",25.04.АГ,2021.0,0.04834605597964377
"Производство готовых металлических изделий, не включенных в другие группировки",25.04.АГ,2022.0,0.0525164113785558
"Производство готовых металлических изделий, не включенных в другие группировки",25.04.АГ,2023.0,0.054279749478079335
"Производство готовых металлических изделий, не включенных в другие группировки",25.04.АГ,2024.0,0.037267080745341616
Производство строительных металлических конструкций и изделий,25.1,2021.0,0.04927536231884058
Производство строительных металлических конструкций и изделий,25.1,2022.0,0.07458563535911603
Производство строительных металлических конструкций и изделий,25.1,2023.0,0.029914529914529916
Производство строительных металлических конструкций и изделий,25.1,2024.0,0.0761904761904762
"Производство строительных металлических конструкций, изделий и их частей",25.11,2021.0,0.04777070063694268
"Производство строительных металлических конструкций, изделий и их частей",25.11,2022.0,0.06542056074766354
"Производство строительных металлических конструкций, изделий и их частей",25.11,2023.0,0.02386634844868735
"Производство строительных металлических конструкций, изделий и их частей",25.11,2024.0,0.08350730688935282
Производство металлических дверей и окон,25.12,2021.0,0.06451612903225806
Производство металлических дверей и окон,25.12,2022.0,0.14634146341463414
Производство металлических дверей и окон,25.12,2023.0,0.08163265306122448
Производство металлических дверей и окон,25.12,2024.0,
"Производство металлических цистерн, резервуаров и прочих емкостей",25.2,2021.0,0.058823529411764705
"Производство металлических цистерн, резервуаров и прочих емкостей",25.2,2022.0,0.1232876712328767
"Производство металлических цистерн, резервуаров и прочих емкостей",25.2,2023.0,0.05555555555555555
"Производство металлических цистерн, резервуаров и прочих емкостей",25.2,2024.0,0.07792207792207792
Производство радиаторов и котлов центрального отопления,25.21,2021.0,0.10714285714285714
Производство радиаторов и котлов центрального отопления,25.21,2022.0,0.12903225806451613
Производство радиаторов и котлов центрального отопления,25.21,2023.0,0.08571428571428572
Производство радиаторов и котлов центрального отопления,25.21,2024.0,0.16216216216216217
Производство радиаторов,25.21.1,2021.0,0.07142857142857142
Производство радиаторов,25.21.1,2022.0,0.0625
Производство радиаторов,25.21.1,2023.0,0.11764705882352941
Производство радиаторов,25.21.1,2024.0,0.21052631578947367
Производство котлов центрального отопления,25.21.2,2021.0,0.16666666666666666
Производство котлов центрального отопления,25.21.2,2022.0,0.23076923076923078
Производство котлов центрального отопления,25.21.2,2023.0,0.07142857142857142
Производство котлов центрального отопления,25.21.2,2024.0,0.13333333333333333
"Производство прочих металлических цистерн, резервуаров и емкостей",25.29,2021.0,0.025
"Производство прочих металлических цистерн, резервуаров и емкостей",25.29,2022.0,0.11904761904761904
"Производство прочих металлических цистерн, резервуаров и емкостей",25.29,2023.0,0.02702702702702703
"Производство прочих металлических цистерн, резервуаров и емкостей",25.29,2024.0,
"Производство паровых котлов, кроме котлов центрального отопления",25.30,2021.0,0.02564102564102564
"Производство паровых котлов, кроме котлов центрального отопления",25.30,2022.0,0.025
"Производство паровых котлов, кроме котлов центрального отопления",25.30,2023.0,0.05405405405405406
"Производство паровых котлов, кроме котлов центрального отопления",25.30,2024.0,0.02857142857142857
Производство паровых котлов и их частей,25.30.1,2021.0,
Производство паровых котлов и их частей,25.30.1,2022.0,
Производство паровых котлов и их частей,25.30.1,2023.0,0.047619047619047616
Производство паровых котлов и их частей,25.30.1,2024.0,
"Производство ядерных установок и их составных частей, в том числе для транспортных средств",25.30.2,2021.0,0.07142857142857142
"Производство ядерных установок и их составных частей, в том числе для транспортных средств",25.30.2,2022.0,0.05263157894736842
"Производство ядерных установок и их составных частей, в том числе для транспортных средств",25.30.2,2023.0,0.06666666666666667
"Производство ядерных установок и их составных частей, в том числе для транспортных средств",25.30.2,2024.0,0.06666666666666667
"Производство ядерных установок, кроме устройств для разделения изотопов",25.30.21,2022.0,
"Производство ядерных установок, кроме устройств для разделения изотопов",25.30.21,2024.0,
"Производство частей ядерных установок, кроме устройств для разделения изотопов",25.30.22,2021.0,0.07142857142857142
"Производство частей ядерных установок, кроме устройств для разделения изотопов",25.30.22,2022.0,0.05555555555555555
"Производство частей ядерных установок, кроме устройств для разделения изотопов",25.30.22,2023.0,0.06666666666666667
"Производство частей ядерных установок, кроме устройств для разделения изотопов",25.30.22,2024.0,0.07142857142857142
"Ковка, прессование, штамповка и профилирование; изготовление изделий методом порошковой металлургии",25.5,2021.0,0.034482758620689655
"Ковка, прессование, штамповка и профилирование; изготовление изделий методом порошковой металлургии",25.5,2022.0,0.08823529411764706
"Ковка, прессование, штамповка и профилирование; изготовление изделий методом порошковой металлургии",25.5,2023.0,
"Ковка, прессование, штамповка и профилирование; изготовление изделий методом порошковой металлургии",25.5,2024.0,0.027777777777777776
"Ковка, прессование, штамповка и профилирование, изготовление изделий методом порошковой металлургии",25.50,2021.0,0.034482758620689655
"Ковка, прессование, штамповка и профилирование, изготовление изделий методом порошковой металлургии",25.50,2022.0,0.08823529411764706
"Ковка, прессование, штамповка и профилирование, изготовление изделий методом порошковой металлургии",25.50,2023.0,
"Ковка, прессование, штамповка и профилирование, изготовление изделий методом порошковой металлургии",25.50,2024.0,0.027777777777777776
"Предоставление услуг по ковке, прессованию, объемной и листовой штамповке и профилированию листового металла",25.50.1,2021.0,0.045454545454545456
"Предоставление услуг по ковке, прессованию, объемной и листовой штамповке и профилированию листового металла",25.50.1,2022.0,0.08333333333333333
"Предоставление услуг по ковке, прессованию, объемной и листовой штамповке и профилированию листового металла",25.50.1,2023.0,
"Предоставление услуг по ковке, прессованию, объемной и листовой штамповке и профилированию листового металла",25.50.1,2024.0,
Предоставление услуг по производству изделий методом порошковой металлургии,25.50.2,2021.0,
Предоставление услуг по производству изделий методом порошковой металлургии,25.50.2,2022.0,0.14285714285714285
Предоставление услуг по производству изделий методом порошковой металлургии,25.50.2,2023.0,
Предоставление услуг по производству изделий методом порошковой металлургии,25.50.2,2024.0,0.16666666666666666
Обработка металлов и нанесение покрытий на металлы; механическая обработка металлов,25.6,2021.0,0.030211480362537766
Обработка металлов и нанесение покрытий на металлы; механическая обработка металлов,25.6,2022.0,0.026785714285714284
Обработка металлов и нанесение покрытий на металлы; механическая обработка металлов,25.6,2023.0,0.0425531914893617
Обработка металлов и нанесение покрытий на металлы; механическая обработка металлов,25.6,2024.0,0.024657534246575342
Обработка металлов и нанесение покрытий на металлы,25.61,2021.0,0.015503875968992248
Обработка металлов и нанесение покрытий на металлы,25.61,2022.0,0.023255813953488372
Обработка металлов и нанесение покрытий на металлы,25.61,2023.0,0.04838709677419355
Обработка металлов и нанесение покрытий на металлы,25.61,2024.0,
Обработка металлических изделий механическая,25.62,2021.0,0.039603960396039604
Обработка металлических изделий механическая,25.62,2022.0,0.028985507246376812
Обработка металлических изделий механическая,25.62,2023.0,0.03902439024390244
Обработка металлических изделий механическая,25.62,2024.0,0.04054054054054054
"Производство ножевых изделий и столовых приборов, инструментов и универсальных скобяных изделий",25.7,2021.0,0.0392156862745098
"Производство ножевых изделий и столовых приборов, инструментов и универсальных скобяных изделий",25.7,2022.0,0.07407407407407407
"Производство ножевых изделий и столовых приборов, инструментов и универсальных скобяных изделий",25.7,2023.0,0.03773584905660377
"Производство ножевых изделий и столовых приборов, инструментов и универсальных скобяных изделий",25.7,2024.0,0.018867924528301886
Производство ножевых изделий и столовых приборов,25.71,2021.0,0.25
Производство ножевых изделий и столовых приборов,25.71,2022.0,0.2
Производство ножевых изделий и столовых приборов,25.71,2023.0,0.3333333333333333
Производство ножевых изделий и столовых приборов,25.71,2024.0,0.5
"Производство замков, петель",25.72,2021.0,
"Производство замков, петель",25.72,2022.0,0.2222222222222222
"Производство замков, петель",25.72,2023.0,0.09090909090909091
"Производство замков, петель",25.72,2024.0,
Производство инструмента,25.73,2021.0,0.02702702702702703
Производство инструмента,25.73,2022.0,0.025
Производство инструмента,25.73,2023.0,
Производство инструмента,25.73,2024.0,
"Производство компьютеров, электронных и оптических изделий",26,2021.0,0.060849598163030996
"Производство компьютеров, электронных и оптических изделий",26,2022.0,0.058693244739756366
"Производство компьютеров, электронных и оптических изделий",26,2023.0,0.05349344978165939
"Производство компьютеров, электронных и оптических изделий",26,2024.0,0.044381491973559964
Производство элементов электронной аппаратуры и печатных схем (плат),26.1,2021.0,0.03816793893129771
Производство элементов электронной аппаратуры и печатных схем (плат),26.1,2022.0,0.0962962962962963
Производство элементов электронной аппаратуры и печатных схем (плат),26.1,2023.0,0.05303030303030303
Производство элементов электронной аппаратуры и печатных схем (плат),26.1,2024.0,0.0379746835443038
Производство элементов электронной аппаратуры,26.11,2021.0,0.042735042735042736
Производство элементов электронной аппаратуры,26.11,2022.0,0.07627118644067797
Производство элементов электронной аппаратуры,26.11,2023.0,0.05084745762711865
Производство элементов электронной аппаратуры,26.11,2024.0,0.03816793893129771
Производство электронных вакуумных ламп и трубок и прочих электронных вакуумных приборов,26.11.1,2021.0,0.034482758620689655
Производство электронных вакуумных ламп и трубок и прочих электронных вакуумных приборов,26.11.1,2022.0,0.06666666666666667
Производство электронных вакуумных ламп и трубок и прочих электронных вакуумных приборов,26.11.1,2023.0,
Производство электронных вакуумных ламп и трубок и прочих электронных вакуумных приборов,26.11.1,2024.0,0.03125
"Производство диодов, транзисторов и прочих полупроводниковых приборов, включая светоизлучающие диоды, пьезоэлектрические приборы и их части",26.11.2,2021.0,0.10344827586206896
"Производство диодов, транзисторов и прочих полупроводниковых приборов, включая светоизлучающие диоды, пьезоэлектрические приборы и их части",26.11.2,2022.0,0.03571428571428571
"Производство диодов, транзисторов и прочих полупроводниковых приборов, включая светоизлучающие диоды, пьезоэлектрические приборы и их части",26.11.2,2023.0,0.07407407407407407
"Производство диодов, транзисторов и прочих полупроводниковых приборов, включая светоизлучающие диоды, пьезоэлектрические приборы и их части",26.11.2,2024.0,0.058823529411764705
Производство интегральных электронных схем,26.11.3,2021.0,0.043478260869565216
Производство интегральных электронных схем,26.11.3,2022.0,0.045454545454545456
Производство интегральных электронных схем,26.11.3,2023.0,0.045454545454545456
Производство интегральных электронных схем,26.11.3,2024.0,
"Производство частей электронных ламп, трубок и прочих электронных компонентов, не включенных в другие группировки",26.11.9,2021.0,
"Производство частей электронных ламп, трубок и прочих электронных компонентов, не включенных в другие группировки",26.11.9,2022.0,0.11538461538461539
"Производство частей электронных ламп, трубок и прочих электронных компонентов, не включенных в другие группировки",26.11.9,2023.0,0.041666666666666664
"Производство частей электронных ламп, трубок и прочих электронных компонентов, не включенных в другие группировки",26.11.9,2024.0,0.04
Производство электронных печатных плат,26.12,2021.0,
Производство электронных печатных плат,26.12,2022.0,0.23529411764705882
Производство электронных печатных плат,26.12,2023.0,0.07142857142857142
Производство электронных печатных плат,26.12,2024.0,0.037037037037037035
Производство компьютеров и периферийного оборудования,26.20,2021.0,0.11290322580645161
Производство компьютеров и периферийного оборудования,26.20,2022.0,0.08333333333333333
Производство компьютеров и периферийного оборудования,26.20,2023.0,0.047619047619047616
Производство компьютеров и периферийного оборудования,26.20,2024.0,0.05384615384615385
"Производство устройств автоматической обработки данных, информационных и телекоммуникационных систем",26.20.04.АГ,2021.0,0.07692307692307693
"Производство устройств автоматической обработки данных, информационных и телекоммуникационных систем",26.20.04.АГ,2022.0,0.21739130434782608
"Производство устройств автоматической обработки данных, информационных и телекоммуникационных систем",26.20.04.АГ,2023.0,0.043478260869565216
"Производство устройств автоматической обработки данных, информационных и телекоммуникационных систем",26.20.04.АГ,2024.0,0.04
Производство компьютеров,26.20.1,2021.0,0.18181818181818182
Производство компьютеров,26.20.1,2022.0,0.06060606060606061
Производство компьютеров,26.20.1,2023.0,0.058823529411764705
Производство компьютеров,26.20.1,2024.0,0.04878048780487805
Производство периферийного оборудования,26.20.2,2021.0,
Производство периферийного оборудования,26.20.2,2022.0,
Производство периферийного оборудования,26.20.2,2023.0,
Производство периферийного оборудования,26.20.2,2024.0,0.05
Производство запоминающих устройств и прочих устройств хранения данных,26.20.3,2021.0,
Производство запоминающих устройств и прочих устройств хранения данных,26.20.3,2022.0,
Производство запоминающих устройств и прочих устройств хранения данных,26.20.3,2023.0,
Производство запоминающих устройств и прочих устройств хранения данных,26.20.3,2024.0,
Производство коммуникационного оборудования,26.30,2021.0,0.0949367088607595
Производство коммуникационного оборудования,26.30,2022.0,0.062111801242236024
Производство коммуникационного оборудования,26.30,2023.0,0.04794520547945205
Производство коммуникационного оборудования,26.30,2024.0,0.06857142857142857
"Производство прочего коммуникационного оборудования, не включенного в другие группировки",26.30.01.АГ,2021.0,
"Производство прочего коммуникационного оборудования, не включенного в другие группировки",26.30.01.АГ,2022.0,
"Производство прочего коммуникационного оборудования, не включенного в другие группировки",26.30.01.АГ,2023.0,
"Производство прочего коммуникационного оборудования, не включенного в другие группировки",26.30.01.АГ,2024.0,0.125
"Производство коммуникационной аппаратуры, радио- и телевизионной передающей аппаратуры, телевизионных камер",26.30.1,2021.0,0.09375
"Производство коммуникационной аппаратуры, радио- и телевизионной передающей аппаратуры, телевизионных камер",26.30.1,2022.0,0.05925925925925926
"Производство коммуникационной аппаратуры, радио- и телевизионной передающей аппаратуры, телевизионных камер",26.30.1,2023.0,0.05
"Производство коммуникационной аппаратуры, радио- и телевизионной передающей аппаратуры, телевизионных камер",26.30.1,2024.0,0.06015037593984962
"Производство средств связи, выполняющих функцию систем коммутации",26.30.11,2021.0,0.11627906976744186
"Производство средств связи, выполняющих функцию систем коммутации",26.30.11,2022.0,0.022727272727272728
"Производство средств связи, выполняющих функцию систем коммутации",26.30.11,2023.0,0.02127659574468085
"Производство средств связи, выполняющих функцию систем коммутации",26.30.11,2024.0,0.016666666666666666
"Производство оборудования, используемого для учета объема оказанных услуг связи",26.30.14,2024.0,
"Производство оборудования средств связи, в том числе программное обеспечение, обеспечивающее выполнение установленных действий при проведении оперативно-розыскных мероприятий",26.30.16,2021.0,
"Производство оборудования средств связи, в том числе программное обеспечение, обеспечивающее выполнение установленных действий при проведении оперативно-розыскных мероприятий",26.30.16,2022.0,
"Производство оборудования средств связи, в том числе программное обеспечение, обеспечивающее выполнение установленных действий при проведении оперативно-розыскных мероприятий",26.30.16,2023.0,
"Производство оборудования средств связи, в том числе программное обеспечение, обеспечивающее выполнение установленных действий при проведении оперативно-розыскных мероприятий",26.30.16,2024.0,0.5
Производство радио- и телевизионной передающей аппаратуры,26.30.17,2021.0,0.10526315789473684
Производство радио- и телевизионной передающей аппаратуры,26.30.17,2022.0,0.1076923076923077
Производство радио- и телевизионной передающей аппаратуры,26.30.17,2023.0,0.06382978723404255
Производство радио- и телевизионной передающей аппаратуры,26.30.17,2024.0,0.045454545454545456
Производство телевизионных камер,26.30.18,2024.0,
Производство прочего коммуникационного оборудования,26.30.19,2021.0,0.14285714285714285
Производство прочего коммуникационного оборудования,26.30.19,2022.0,
Производство прочего коммуникационного оборудования,26.30.19,2023.0,0.2857142857142857
Производство прочего коммуникационного оборудования,26.30.19,2024.0,0.2222222222222222
"Производство оконечного (пользовательского) оборудования телефонной или телеграфной связи, аппаратуры видеосвязи",26.30.2,2023.0,
"Производство оконечного (пользовательского) оборудования телефонной или телеграфной связи, аппаратуры видеосвязи",26.30.2,2024.0,
"Производство прочих телефонных аппаратов, устройств и аппаратуры для передачи и приема речи, изображений или других данных, включая оборудование коммуникационное для работы в проводных или беспроводных сетях связи (например, локальных и глобальных сетях)",26.30.29,2023.0,
"Производство прочих телефонных аппаратов, устройств и аппаратуры для передачи и приема речи, изображений или других данных, включая оборудование коммуникационное для работы в проводных или беспроводных сетях связи (например, локальных и глобальных сетях)",26.30.29,2024.0,
Производство запасных частей и комплектующих коммуникационного оборудования,26.30.3,2021.0,
Производство запасных частей и комплектующих коммуникационного оборудования,26.30.3,2022.0,
Производство запасных частей и комплектующих коммуникационного оборудования,26.30.3,2023.0,
Производство запасных частей и комплектующих коммуникационного оборудования,26.30.3,2024.0,
"Производство антенн, антенных отражателей всех видов и их деталей",26.30.4,2021.0,0.3333333333333333
"Производство антенн, антенных отражателей всех видов и их деталей",26.30.4,2022.0,0.14285714285714285
"Производство антенн, антенных отражателей всех видов и их деталей",26.30.4,2023.0,0.2
"Производство антенн, антенных отражателей всех видов и их деталей",26.30.4,2024.0,
Производство запасных частей и комплектующих радио- и телевизионной передающей аппаратуры и телевизионных камер,26.30.5,2021.0,0.25
Производство запасных частей и комплектующих радио- и телевизионной передающей аппаратуры и телевизионных камер,26.30.5,2022.0,
Производство запасных частей и комплектующих радио- и телевизионной передающей аппаратуры и телевизионных камер,26.30.5,2023.0,
Производство охранно-пожарной сигнализации и аналогичных приборов,26.30.6,2021.0,
Производство охранно-пожарной сигнализации и аналогичных приборов,26.30.6,2022.0,0.1
Производство охранно-пожарной сигнализации и аналогичных приборов,26.30.6,2023.0,
Производство охранно-пожарной сигнализации и аналогичных приборов,26.30.6,2024.0,0.16666666666666666
Производство бытовой электроники,26.40,2021.0,0.12903225806451613
Производство бытовой электроники,26.40,2022.0,0.1724137931034483
Производство бытовой электроники,26.40,2023.0,0.07142857142857142
Производство бытовой электроники,26.40,2024.0,0.06451612903225806
"Производство телевизионных приемников, включая видеомониторы и видеопроекторы",26.40.2,2021.0,0.21428571428571427
"Производство телевизионных приемников, включая видеомониторы и видеопроекторы",26.40.2,2022.0,0.18181818181818182
"Производство телевизионных приемников, включая видеомониторы и видеопроекторы",26.40.2,2023.0,0.2
"Производство телевизионных приемников, включая видеомониторы и видеопроекторы",26.40.2,2024.0,0.08333333333333333
Производство телевизоров жидкокристаллических и плазменных,26.40.22,2021.0,0.25
Производство телевизоров жидкокристаллических и плазменных,26.40.22,2022.0,0.2
Производство телевизоров жидкокристаллических и плазменных,26.40.22,2023.0,0.1111111111111111
Производство телевизоров жидкокристаллических и плазменных,26.40.22,2024.0,
Производство видеомониторов и видеопроекторов,26.40.23,2023.0,1.0
Производство видеомониторов и видеопроекторов,26.40.23,2024.0,1.0
Производство аппаратуры для записи и воспроизведения звука и изображения,26.40.3,2021.0,0.25
Производство аппаратуры для записи и воспроизведения звука и изображения,26.40.3,2022.0,0.4
Производство аппаратуры для записи и воспроизведения звука и изображения,26.40.3,2023.0,
Производство аппаратуры для записи и воспроизведения звука и изображения,26.40.3,2024.0,
Производство электроакустической аппаратуры,26.40.4,2021.0,
Производство электроакустической аппаратуры,26.40.4,2022.0,0.14285714285714285
Производство электроакустической аппаратуры,26.40.4,2023.0,
Производство электроакустической аппаратуры,26.40.4,2024.0,
Производство частей звукозаписывающей и звуковоспроизводящей аппаратуры и видеоаппаратуры,26.40.5,2021.0,
Производство частей звукозаписывающей и звуковоспроизводящей аппаратуры и видеоаппаратуры,26.40.5,2022.0,
Производство частей звукозаписывающей и звуковоспроизводящей аппаратуры и видеоаппаратуры,26.40.5,2023.0,
Производство частей звукозаписывающей и звуковоспроизводящей аппаратуры и видеоаппаратуры,26.40.5,2024.0,
Производство контрольно-измерительных и навигационных приборов и аппаратов; производство часов,26.5,2021.0,0.04523809523809524
Производство контрольно-измерительных и навигационных приборов и аппаратов; производство часов,26.5,2022.0,0.036057692307692304
Производство контрольно-измерительных и навигационных приборов и аппаратов; производство часов,26.5,2023.0,0.05733944954128441
Производство контрольно-измерительных и навигационных приборов и аппаратов; производство часов,26.5,2024.0,0.03232323232323232
"Производство инструментов и приборов для измерения, тестирования и навигации",26.51,2021.0,0.045563549160671464
"Производство инструментов и приборов для измерения, тестирования и навигации",26.51,2022.0,0.036231884057971016
"Производство инструментов и приборов для измерения, тестирования и навигации",26.51,2023.0,0.05747126436781609
"Производство инструментов и приборов для измерения, тестирования и навигации",26.51,2024.0,0.032454361054766734
"Производство прочих инструментов и приборов для измерения, тестирования и навигации",26.51.02.АГ,2021.0,0.02631578947368421
"Производство прочих инструментов и приборов для измерения, тестирования и навигации",26.51.02.АГ,2022.0,0.0427807486631016
"Производство прочих инструментов и приборов для измерения, тестирования и навигации",26.51.02.АГ,2023.0,0.08947368421052632
"Производство прочих инструментов и приборов для измерения, тестирования и навигации",26.51.02.АГ,2024.0,0.04072398190045249
"Производство навигационных, метеорологических, геодезических, геофизических и аналогичного типа приборов, аппаратуры и инструментов",26.51.1,2021.0,0.08163265306122448
"Производство навигационных, метеорологических, геодезических, геофизических и аналогичного типа приборов, аппаратуры и инструментов",26.51.1,2022.0,0.04
"Производство навигационных, метеорологических, геодезических, геофизических и аналогичного типа приборов, аппаратуры и инструментов",26.51.1,2023.0,0.0784313725490196
"Производство навигационных, метеорологических, геодезических, геофизических и аналогичного типа приборов, аппаратуры и инструментов",26.51.1,2024.0,0.016129032258064516
"Производство точных весов; производство ручных инструментов для черчения, разметки и математических расчетов; производство ручных инструментов для измерения линейных размеров, не включенных в другие группировки",26.51.3,2021.0,
"Производство точных весов; производство ручных инструментов для черчения, разметки и математических расчетов; производство ручных инструментов для измерения линейных размеров, не включенных в другие группировки",26.51.3,2022.0,
"Производство точных весов; производство ручных инструментов для черчения, разметки и математических расчетов; производство ручных инструментов для измерения линейных размеров, не включенных в другие группировки",26.51.3,2023.0,
"Производство точных весов; производство ручных инструментов для черчения, разметки и математических расчетов; производство ручных инструментов для измерения линейных размеров, не включенных в другие группировки",26.51.3,2024.0,
Производство приборов и аппаратуры для измерения электрических величин или ионизирующих излучений,26.51.4,2021.0,0.041666666666666664
Производство приборов и аппаратуры для измерения электрических величин или ионизирующих излучений,26.51.4,2022.0,0.08333333333333333
Производство приборов и аппаратуры для измерения электрических величин или ионизирующих излучений,26.51.4,2023.0,0.037037037037037035
Производство приборов и аппаратуры для измерения электрических величин или ионизирующих излучений,26.51.4,2024.0,0.034482758620689655
Производство приборов для контроля прочих физических величин,26.51.5,2021.0,0.03773584905660377
Производство приборов для контроля прочих физических величин,26.51.5,2022.0,0.020833333333333332
Производство приборов для контроля прочих физических величин,26.51.5,2023.0,0.015151515151515152
Производство приборов для контроля прочих физических величин,26.51.5,2024.0,0.037037037037037035
"Производство прочих приборов, датчиков, аппаратуры и инструментов для измерения, контроля и испытаний",26.51.6,2021.0,0.05263157894736842
"Производство прочих приборов, датчиков, аппаратуры и инструментов для измерения, контроля и испытаний",26.51.6,2022.0,0.022988505747126436
"Производство прочих приборов, датчиков, аппаратуры и инструментов для измерения, контроля и испытаний",26.51.6,2023.0,0.02247191011235955
"Производство прочих приборов, датчиков, аппаратуры и инструментов для измерения, контроля и испытаний",26.51.6,2024.0,0.01904761904761905
Производство часов,26.52,2021.0,
Производство часов,26.52,2022.0,
Производство часов,26.52,2023.0,
Производство часов,26.52,2024.0,
Производство часов всех видов и прочих приборов времени,26.52.1,2021.0,
Производство часов всех видов и прочих приборов времени,26.52.1,2022.0,
Производство часов всех видов и прочих приборов времени,26.52.1,2023.0,
Производство часов всех видов и прочих приборов времени,26.52.1,2024.0,
"Производство часовых механизмов, деталей и составных частей часов и приборов времени",26.52.2,2021.0,
"Производство часовых механизмов, деталей и составных частей часов и приборов времени",26.52.2,2022.0,
"Производство облучающего и электротерапевтического оборудования, применяемого в медицинских целях",26.60,2021.0,0.07142857142857142
"Производство облучающего и электротерапевтического оборудования, применяемого в медицинских целях",26.60,2022.0,0.05
"Производство облучающего и электротерапевтического оборудования, применяемого в медицинских целях",26.60,2023.0,0.044444444444444446
"Производство облучающего и электротерапевтического оборудования, применяемого в медицинских целях",26.60,2024.0,0.045454545454545456
"Производство аппаратов, применяемых в медицинских целях, основанных на использовании рентгеновского, альфа-, бета- и гамма-излучений",26.60.1,2021.0,0.03125
"Производство аппаратов, применяемых в медицинских целях, основанных на использовании рентгеновского, альфа-, бета- и гамма-излучений",26.60.1,2022.0,
"Производство аппаратов, применяемых в медицинских целях, основанных на использовании рентгеновского, альфа-, бета- и гамма-излучений",26.60.1,2023.0,
"Производство аппаратов, применяемых в медицинских целях, основанных на использовании рентгеновского, альфа-, бета- и гамма-излучений",26.60.1,2024.0,
"Производство инструмента, оборудования и приспособлений, применяемых в медицинских целях",26.60.4,2021.0,
"Производство инструмента, оборудования и приспособлений, применяемых в медицинских целях",26.60.4,2022.0,
"Производство инструмента, оборудования и приспособлений, применяемых в медицинских целях",26.60.4,2023.0,
"Производство инструмента, оборудования и приспособлений, применяемых в медицинских целях",26.60.4,2024.0,
"Производство диагностического и терапевтического оборудования, применяемого в медицинских целях",26.60.5,2021.0,0.5
"Производство диагностического и терапевтического оборудования, применяемого в медицинских целях",26.60.5,2022.0,0.5
"Производство диагностического и терапевтического оборудования, применяемого в медицинских целях",26.60.5,2023.0,0.4
"Производство диагностического и терапевтического оборудования, применяемого в медицинских целях",26.60.5,2024.0,0.4
"Производство ультразвукового оборудования, применяемого в медицинских целях",26.60.7,2023.0,
"Производство прочего оборудования, применяемого в медицинских целях",26.60.9,2021.0,
"Производство прочего оборудования, применяемого в медицинских целях",26.60.9,2022.0,
"Производство оптических приборов, фото- и кинооборудования",26.70,2021.0,
"Производство оптических приборов, фото- и кинооборудования",26.70,2022.0,
"Производство оптических приборов, фото- и кинооборудования",26.70,2023.0,0.05263157894736842
"Производство оптических приборов, фото- и кинооборудования",26.70,2024.0,0.09523809523809523
Производство фото- и кинооборудования,26.70.1,2021.0,
Производство фото- и кинооборудования,26.70.1,2022.0,
Производство фото- и кинооборудования,26.70.1,2023.0,
Производство фото- и кинооборудования,26.70.1,2024.0,
Производство оптических систем обнаружения оружия,26.70.3,2021.0,
Производство оптических систем обнаружения оружия,26.70.3,2022.0,
Производство оптических систем обнаружения оружия,26.70.3,2023.0,0.5
Производство оптических систем обнаружения оружия,26.70.3,2024.0,0.5
"Производство линз, оптических микроскопов, биноклей и телескопов",26.70.5,2021.0,
"Производство линз, оптических микроскопов, биноклей и телескопов",26.70.5,2022.0,
Производство оптических прицелов и приборов определения координат целей,26.70.6,2021.0,
Производство оптических прицелов и приборов определения координат целей,26.70.6,2022.0,
Производство оптических прицелов и приборов определения координат целей,26.70.6,2023.0,
Производство оптических прицелов и приборов определения координат целей,26.70.6,2024.0,0.125
Производство незаписанных магнитных и оптических технических носителей информации,26.80,2021.0,
Производство незаписанных магнитных и оптических технических носителей информации,26.80,2022.0,
Производство незаписанных магнитных и оптических технических носителей информации,26.80,2023.0,
Производство незаписанных магнитных и оптических технических носителей информации,26.80,2024.0,
Производство электрического оборудования,27,2021.0,0.031201248049921998
Производство электрического оборудования,27,2022.0,0.07507507507507508
Производство электрического оборудования,27,2023.0,0.042953020134228186
Производство электрического оборудования,27,2024.0,0.037783375314861464
"Производство электродвигателей, генераторов, трансформаторов и распределительных устройств, а также контрольно-измерительной аппаратуры",27.1,2021.0,0.02422145328719723
"Производство электродвигателей, генераторов, трансформаторов и распределительных устройств, а также контрольно-измерительной аппаратуры",27.1,2022.0,0.048701298701298704
"Производство электродвигателей, генераторов, трансформаторов и распределительных устройств, а также контрольно-измерительной аппаратуры",27.1,2023.0,0.044444444444444446
"Производство электродвигателей, генераторов, трансформаторов и распределительных устройств, а также контрольно-измерительной аппаратуры",27.1,2024.0,0.03926701570680628
"Производство электродвигателей, электрогенераторов и трансформаторов",27.11,2021.0,0.020618556701030927
"Производство электродвигателей, электрогенераторов и трансформаторов",27.11,2022.0,0.056074766355140186
"Производство электродвигателей, электрогенераторов и трансформаторов",27.11,2023.0,0.026785714285714284
"Производство электродвигателей, электрогенераторов и трансформаторов",27.11,2024.0,0.040983606557377046
"Производство электродвигателей, генераторов и трансформаторов, кроме ремонта",27.11.1,2021.0,0.021505376344086023
"Производство электродвигателей, генераторов и трансформаторов, кроме ремонта",27.11.1,2022.0,0.06060606060606061
"Производство электродвигателей, генераторов и трансформаторов, кроме ремонта",27.11.1,2023.0,0.027522935779816515
"Производство электродвигателей, генераторов и трансформаторов, кроме ремонта",27.11.1,2024.0,0.043478260869565216
Производство электродвигателей,27.11.11,2021.0,0.02564102564102564
Производство электродвигателей,27.11.11,2022.0,0.07317073170731707
Производство электродвигателей,27.11.11,2023.0,0.05660377358490566
Производство электродвигателей,27.11.11,2024.0,0.0392156862745098
Производство генераторов,27.11.12,2021.0,
Производство генераторов,27.11.12,2022.0,
Производство генераторов,27.11.12,2023.0,
Производство генераторов,27.11.12,2024.0,0.07142857142857142
Производство трансформаторов,27.11.13,2021.0,0.029411764705882353
Производство трансформаторов,27.11.13,2022.0,0.05714285714285714
Производство трансформаторов,27.11.13,2023.0,
Производство трансформаторов,27.11.13,2024.0,0.02702702702702703
Производство электрической распределительной и регулирующей аппаратуры,27.12,2021.0,0.026041666666666668
Производство электрической распределительной и регулирующей аппаратуры,27.12,2022.0,0.04477611940298507
Производство электрической распределительной и регулирующей аппаратуры,27.12,2023.0,0.05241935483870968
Производство электрической распределительной и регулирующей аппаратуры,27.12,2024.0,0.038461538461538464
Производство электрических аккумуляторов и аккумуляторных батарей,27.20,2021.0,0.03125
Производство электрических аккумуляторов и аккумуляторных батарей,27.20,2022.0,0.10344827586206896
Производство электрических аккумуляторов и аккумуляторных батарей,27.20,2023.0,
Производство электрических аккумуляторов и аккумуляторных батарей,27.20,2024.0,0.02631578947368421
"Производство первичных элементов, батарей первичных элементов и их частей",27.20.1,2021.0,
"Производство первичных элементов, батарей первичных элементов и их частей",27.20.1,2022.0,
"Производство первичных элементов, батарей первичных элементов и их частей",27.20.1,2023.0,
"Производство первичных элементов, батарей первичных элементов и их частей",27.20.1,2024.0,
"Производство аккумуляторов, в том числе для автомобилей, аккумуляторных батарей и их составных частей",27.20.2,2021.0,0.05
"Производство аккумуляторов, в том числе для автомобилей, аккумуляторных батарей и их составных частей",27.20.2,2022.0,0.05555555555555555
"Производство аккумуляторов, в том числе для автомобилей, аккумуляторных батарей и их составных частей",27.20.2,2023.0,
"Производство аккумуляторов, в том числе для автомобилей, аккумуляторных батарей и их составных частей",27.20.2,2024.0,
Производство аккумуляторов для автомобилей,27.20.21,2021.0,0.2
Производство аккумуляторов для автомобилей,27.20.21,2022.0,0.16666666666666666
Производство аккумуляторов для автомобилей,27.20.21,2023.0,
Производство аккумуляторов для автомобилей,27.20.21,2024.0,
Производство аккумуляторных батарей и их частей,27.20.22,2021.0,
Производство аккумуляторных батарей и их частей,27.20.22,2022.0,
Производство аккумуляторных батарей и их частей,27.20.22,2023.0,
Производство аккумуляторных батарей и их частей,27.20.22,2024.0,
Производство прочих аккумуляторов,27.20.23,2021.0,
Производство прочих аккумуляторов,27.20.23,2022.0,
Производство прочих аккумуляторов,27.20.23,2023.0,
Производство прочих аккумуляторов,27.20.23,2024.0,
Производство солнечных батарей для наземного энергообеспечения и их составных частей,27.20.3,2021.0,
Производство солнечных батарей для наземного энергообеспечения и их составных частей,27.20.3,2022.0,
Производство солнечных батарей для наземного энергообеспечения и их составных частей,27.20.3,2023.0,
Производство солнечных батарей для наземного энергообеспечения и их составных частей,27.20.3,2024.0,
Производство кабелей и кабельной арматуры,27.3,2021.0,0.031746031746031744
Производство кабелей и кабельной арматуры,27.3,2022.0,0.049586776859504134
Производство кабелей и кабельной арматуры,27.3,2023.0,0.0234375
Производство кабелей и кабельной арматуры,27.3,2024.0,0.0273972602739726
Производство волоконно-оптических кабелей,27.31,2021.0,0.07142857142857142
Производство волоконно-оптических кабелей,27.31,2022.0,
Производство волоконно-оптических кабелей,27.31,2023.0,
Производство волоконно-оптических кабелей,27.31,2024.0,0.07692307692307693
Производство прочих проводов и кабелей для электронного и электрического оборудования,27.32,2021.0,0.030612244897959183
Производство прочих проводов и кабелей для электронного и электрического оборудования,27.32,2022.0,0.0625
Производство прочих проводов и кабелей для электронного и электрического оборудования,27.32,2023.0,0.028846153846153848
Производство прочих проводов и кабелей для электронного и электрического оборудования,27.32,2024.0,0.025
Производство кабелей для телефонной связи,27.32.1,2021.0,
Производство кабелей для телефонной связи,27.32.1,2022.0,
Производство кабелей для телефонной связи,27.32.1,2023.0,0.07142857142857142
Производство кабелей для телефонной связи,27.32.1,2024.0,
Производство силовых кабелей,27.32.2,2021.0,0.016129032258064516
Производство силовых кабелей,27.32.2,2022.0,0.09375
Производство силовых кабелей,27.32.2,2023.0,0.0273972602739726
Производство силовых кабелей,27.32.2,2024.0,0.0125
Производство обмоточных эмалированных кабелей,27.32.3,2021.0,
Производство обмоточных эмалированных кабелей,27.32.3,2022.0,
Производство обмоточных эмалированных кабелей,27.32.3,2023.0,
Производство обмоточных эмалированных кабелей,27.32.3,2024.0,0.14285714285714285
Производство электроустановочных изделий,27.33,2021.0,
Производство электроустановочных изделий,27.33,2022.0,
Производство электроустановочных изделий,27.33,2023.0,
Производство электроустановочных изделий,27.33,2024.0,
Производство электрических ламп и осветительного оборудования,27.40,2021.0,0.034482758620689655
Производство электрических ламп и осветительного оборудования,27.40,2022.0,0.19047619047619047
Производство электрических ламп и осветительного оборудования,27.40,2023.0,0.030303030303030304
Производство электрических ламп и осветительного оборудования,27.40,2024.0,0.031746031746031744
Производство бытовых приборов,27.5,2021.0,0.034482758620689655
Производство бытовых приборов,27.5,2022.0,0.21212121212121213
Производство бытовых приборов,27.5,2023.0,0.06666666666666667
Производство бытовых приборов,27.5,2024.0,0.04878048780487805
Производство бытовых электрических приборов,27.51,2021.0,0.047619047619047616
Производство бытовых электрических приборов,27.51,2022.0,0.21739130434782608
Производство бытовых электрических приборов,27.51,2023.0,0.08333333333333333
Производство бытовых электрических приборов,27.51,2024.0,0.06451612903225806
Производство стиральных машин,27.51.1,2021.0,
Производство стиральных машин,27.51.1,2022.0,0.5
Производство стиральных машин,27.51.1,2023.0,0.5
Производство стиральных машин,27.51.1,2024.0,
Производство холодильников и морозильников,27.51.2,2023.0,
Производство холодильников и морозильников,27.51.2,2024.0,
Производство бытовых неэлектрических приборов,27.52,2021.0,
Производство бытовых неэлектрических приборов,27.52,2022.0,0.2
Производство бытовых неэлектрических приборов,27.52,2023.0,
Производство бытовых неэлектрических приборов,27.52,2024.0,
Производство прочего электрического оборудования,27.90,2021.0,0.04672897196261682
Производство прочего электрического оборудования,27.90,2022.0,0.0625
Производство прочего электрического оборудования,27.90,2023.0,0.07142857142857142
Производство прочего электрического оборудования,27.90,2024.0,0.04838709677419355
"Производство электрического оборудования прочего, не включенного в другие группировки",27.90.9,2021.0,0.044444444444444446
"Производство электрического оборудования прочего, не включенного в другие группировки",27.90.9,2022.0,0.06382978723404255
"Производство электрического оборудования прочего, не включенного в другие группировки",27.90.9,2023.0,0.07692307692307693
"Производство электрического оборудования прочего, не включенного в другие группировки",27.90.9,2024.0,0.05555555555555555
"Производство машин и оборудования, не включенных в другие группировки",28,2021.0,0.040152963671128104
"Производство машин и оборудования, не включенных в другие группировки",28,2022.0,0.056108597285067875
"Производство машин и оборудования, не включенных в другие группировки",28,2023.0,0.04085257548845471
"Производство машин и оборудования, не включенных в другие группировки",28,2024.0,0.02362869198312236
Производство машин и оборудования общего назначения,28.1,2021.0,0.023890784982935155
Производство машин и оборудования общего назначения,28.1,2022.0,0.06040268456375839
Производство машин и оборудования общего назначения,28.1,2023.0,0.037383177570093455
Производство машин и оборудования общего назначения,28.1,2024.0,0.009708737864077669
"Производство двигателей и турбин, кроме авиационных, автомобильных и мотоциклетных двигателей",28.11,2021.0,0.07142857142857142
"Производство двигателей и турбин, кроме авиационных, автомобильных и мотоциклетных двигателей",28.11,2022.0,0.13793103448275862
"Производство двигателей и турбин, кроме авиационных, автомобильных и мотоциклетных двигателей",28.11,2023.0,0.06060606060606061
"Производство двигателей и турбин, кроме авиационных, автомобильных и мотоциклетных двигателей",28.11,2024.0,0.03225806451612903
"Производство двигателей, кроме авиационных, автомобильных и мотоциклетных",28.11.1,2021.0,
"Производство двигателей, кроме авиационных, автомобильных и мотоциклетных",28.11.1,2022.0,0.09090909090909091
"Производство двигателей, кроме авиационных, автомобильных и мотоциклетных",28.11.1,2023.0,0.09090909090909091
"Производство двигателей, кроме авиационных, автомобильных и мотоциклетных",28.11.1,2024.0,
Производство турбин,28.11.2,2021.0,0.13333333333333333
Производство турбин,28.11.2,2022.0,0.13333333333333333
Производство турбин,28.11.2,2023.0,0.0625
Производство турбин,28.11.2,2024.0,0.058823529411764705
Производство паровых турбин,28.11.21,2021.0,
Производство паровых турбин,28.11.21,2022.0,
Производство паровых турбин,28.11.21,2023.0,
Производство паровых турбин,28.11.21,2024.0,
"Производство газовых турбин, кроме турбореактивных и турбовинтовых",28.11.23,2021.0,
"Производство газовых турбин, кроме турбореактивных и турбовинтовых",28.11.23,2022.0,0.5
"Производство газовых турбин, кроме турбореактивных и турбовинтовых",28.11.23,2023.0,
Производство гидравлического и пневматического силового оборудования,28.12,2021.0,
Производство гидравлического и пневматического силового оборудования,28.12,2022.0,0.03571428571428571
Производство гидравлического и пневматического силового оборудования,28.12,2023.0,0.05263157894736842
Производство гидравлического и пневматического силового оборудования,28.12,2024.0,
Производство гидравлических и пневматических силовых установок и двигателей,28.12.1,2021.0,
Производство гидравлических и пневматических силовых установок и двигателей,28.12.1,2022.0,0.046511627906976744
Производство гидравлических и пневматических силовых установок и двигателей,28.12.1,2023.0,0.07142857142857142
Производство гидравлических и пневматических силовых установок и двигателей,28.12.1,2024.0,
Производство гидравлических насосов,28.12.2,2021.0,
Производство гидравлических насосов,28.12.2,2022.0,
Производство гидравлических насосов,28.12.2,2023.0,
Производство гидравлических насосов,28.12.2,2024.0,
Производство прочих насосов и компрессоров,28.13,2021.0,0.014925373134328358
Производство прочих насосов и компрессоров,28.13,2022.0,0.05263157894736842
Производство прочих насосов и компрессоров,28.13,2023.0,0.023809523809523808
Производство прочих насосов и компрессоров,28.13,2024.0,0.0125
Производство арматуры трубопроводной (арматуры),28.14,2021.0,0.03225806451612903
Производство арматуры трубопроводной (арматуры),28.14,2022.0,0.06060606060606061
Производство арматуры трубопроводной (арматуры),28.14,2023.0,0.038461538461538464
Производство арматуры трубопроводной (арматуры),28.14,2024.0,
"Производство подшипников, зубчатых передач, элементов механических передач и приводов",28.15,2021.0,0.023809523809523808
"Производство подшипников, зубчатых передач, элементов механических передач и приводов",28.15,2022.0,0.05263157894736842
"Производство подшипников, зубчатых передач, элементов механических передач и приводов",28.15,2023.0,0.023255813953488372
"Производство подшипников, зубчатых передач, элементов механических передач и приводов",28.15,2024.0,0.023809523809523808
Производство шариковых и роликовых подшипников,28.15.1,2021.0,
Производство шариковых и роликовых подшипников,28.15.1,2022.0,0.05555555555555555
Производство шариковых и роликовых подшипников,28.15.1,2023.0,
Производство шариковых и роликовых подшипников,28.15.1,2024.0,0.058823529411764705
"Производство корпусов подшипников и подшипников скольжения, зубчатых колес, зубчатых передач и элементов приводов",28.15.2,2021.0,0.05555555555555555
"Производство корпусов подшипников и подшипников скольжения, зубчатых колес, зубчатых передач и элементов приводов",28.15.2,2022.0,0.0625
"Производство корпусов подшипников и подшипников скольжения, зубчатых колес, зубчатых передач и элементов приводов",28.15.2,2023.0,0.047619047619047616
"Производство корпусов подшипников и подшипников скольжения, зубчатых колес, зубчатых передач и элементов приводов",28.15.2,2024.0,
Производство прочих подшипников,28.15.9,2022.0,
Производство прочих подшипников,28.15.9,2024.0,
Производство прочих машин и оборудования общего назначения,28.2,2021.0,0.049689440993788817
Производство прочих машин и оборудования общего назначения,28.2,2022.0,0.05080213903743316
Производство прочих машин и оборудования общего назначения,28.2,2023.0,0.04335260115606936
Производство прочих машин и оборудования общего назначения,28.2,2024.0,0.017766497461928935
"Производство печей, термокамер и печных горелок",28.21,2021.0,0.2
"Производство печей, термокамер и печных горелок",28.21,2022.0,0.05263157894736842
"Производство печей, термокамер и печных горелок",28.21,2023.0,
"Производство печей, термокамер и печных горелок",28.21,2024.0,0.034482758620689655
"Производство неэлектрических печей, горелок и устройств для них",28.21.1,2021.0,0.2222222222222222
"Производство неэлектрических печей, горелок и устройств для них",28.21.1,2022.0,0.1
"Производство неэлектрических печей, горелок и устройств для них",28.21.1,2023.0,
"Производство неэлектрических печей, горелок и устройств для них",28.21.1,2024.0,
Производство электрических печей,28.21.2,2021.0,
Производство электрических печей,28.21.2,2022.0,
Производство электрических печей,28.21.2,2023.0,
Производство электрических печей,28.21.2,2024.0,0.2
Производство подъемно-транспортного оборудования,28.22,2021.0,0.08333333333333333
Производство подъемно-транспортного оборудования,28.22,2022.0,0.04054054054054054
Производство подъемно-транспортного оборудования,28.22,2023.0,0.04838709677419355
Производство подъемно-транспортного оборудования,28.22,2024.0,0.028985507246376812
Производство талей и подъемников,28.22.1,2021.0,
Производство талей и подъемников,28.22.1,2022.0,
Производство талей и подъемников,28.22.1,2023.0,0.3333333333333333
Производство талей и подъемников,28.22.1,2024.0,
Производство лебедок и кабестанов,28.22.2,2021.0,
Производство лебедок и кабестанов,28.22.2,2022.0,
Производство лебедок и кабестанов,28.22.2,2023.0,
Производство лебедок и кабестанов,28.22.2,2024.0,
Производство домкратов и подъемных механизмов для транспортных средств,28.22.3,2021.0,
Производство домкратов и подъемных механизмов для транспортных средств,28.22.3,2023.0,
Производство домкратов и подъемных механизмов для транспортных средств,28.22.3,2024.0,
Производство подъемных кранов,28.22.4,2021.0,0.3125
Производство подъемных кранов,28.22.4,2022.0,0.125
Производство подъемных кранов,28.22.4,2023.0,0.14285714285714285
Производство подъемных кранов,28.22.4,2024.0,0.05
Производство подъемных кранов для строительства,28.22.41,2021.0,
Производство подъемных кранов для строительства,28.22.41,2022.0,
Производство подъемных кранов для строительства,28.22.41,2023.0,
Производство прочих подъемных кранов,28.22.42,2021.0,0.35714285714285715
Производство прочих подъемных кранов,28.22.42,2022.0,0.14285714285714285
Производство прочих подъемных кранов,28.22.42,2023.0,0.15384615384615385
Производство прочих подъемных кранов,28.22.42,2024.0,0.05
"Производство автопогрузчиков и тягачей, используемых на железнодорожных платформах",28.22.5,2023.0,
"Производство автопогрузчиков и тягачей, используемых на железнодорожных платформах",28.22.5,2024.0,
"Производство лифтов, скриповых подъемников, эскалаторов и движущихся пешеходных дорожек",28.22.6,2021.0,0.07692307692307693
"Производство лифтов, скриповых подъемников, эскалаторов и движущихся пешеходных дорожек",28.22.6,2022.0,0.07142857142857142
"Производство лифтов, скриповых подъемников, эскалаторов и движущихся пешеходных дорожек",28.22.6,2023.0,
"Производство лифтов, скриповых подъемников, эскалаторов и движущихся пешеходных дорожек",28.22.6,2024.0,
Производство пневматических подъемников и конвейеров и прочего оборудования непрерывного действия для товаров или материалов,28.22.7,2021.0,
Производство пневматических подъемников и конвейеров и прочего оборудования непрерывного действия для товаров или материалов,28.22.7,2022.0,
Производство пневматических подъемников и конвейеров и прочего оборудования непрерывного действия для товаров или материалов,28.22.7,2023.0,
Производство пневматических подъемников и конвейеров и прочего оборудования непрерывного действия для товаров или материалов,28.22.7,2024.0,
"Производство прочего грузоподъемного, транспортирующего и погрузочно-разгрузочного оборудования",28.22.9,2021.0,
"Производство прочего грузоподъемного, транспортирующего и погрузочно-разгрузочного оборудования",28.22.9,2022.0,
"Производство прочего грузоподъемного, транспортирующего и погрузочно-разгрузочного оборудования",28.22.9,2023.0,
"Производство прочего грузоподъемного, транспортирующего и погрузочно-разгрузочного оборудования",28.22.9,2024.0,0.09090909090909091
Производство офисной техники и оборудования (кроме компьютеров и периферийного оборудования),28.23,2021.0,
Производство офисной техники и оборудования (кроме компьютеров и периферийного оборудования),28.23,2022.0,
Производство офисной техники и оборудования (кроме компьютеров и периферийного оборудования),28.23,2023.0,
Производство офисной техники и оборудования (кроме компьютеров и периферийного оборудования),28.23,2024.0,
"Производство пишущих машин, машин для обработки текста, калькуляторов, счетных машин и их частей",28.23.1,2021.0,
"Производство пишущих машин, машин для обработки текста, калькуляторов, счетных машин и их частей",28.23.1,2022.0,
"Производство пишущих машин, машин для обработки текста, калькуляторов, счетных машин и их частей",28.23.1,2023.0,
"Производство фотокопировальных машин, офисных машин для офсетной печати и прочих офисных машин и оборудования и их составных частей",28.23.2,2021.0,
"Производство фотокопировальных машин, офисных машин для офсетной печати и прочих офисных машин и оборудования и их составных частей",28.23.2,2022.0,
"Производство фотокопировальных машин, офисных машин для офсетной печати и прочих офисных машин и оборудования и их составных частей",28.23.2,2023.0,
"Производство фотокопировальных машин, офисных машин для офсетной печати и прочих офисных машин и оборудования и их составных частей",28.23.2,2024.0,
Производство ручных инструментов с механизированным приводом,28.24,2021.0,
Производство ручных инструментов с механизированным приводом,28.24,2022.0,
Производство ручных инструментов с механизированным приводом,28.24,2023.0,
Производство ручных инструментов с механизированным приводом,28.24,2024.0,
Производство промышленного холодильного и вентиляционного оборудования,28.25,2021.0,0.027210884353741496
Производство промышленного холодильного и вентиляционного оборудования,28.25,2022.0,0.0625
Производство промышленного холодильного и вентиляционного оборудования,28.25,2023.0,0.03550295857988166
Производство промышленного холодильного и вентиляционного оборудования,28.25,2024.0,0.005235602094240838
"Производство теплообменных устройств, оборудования для кондиционирования воздуха промышленного холодильного и морозильного оборудования, производство оборудования для фильтрования и очистки газов",28.25.1,2021.0,0.031914893617021274
"Производство теплообменных устройств, оборудования для кондиционирования воздуха промышленного холодильного и морозильного оборудования, производство оборудования для фильтрования и очистки газов",28.25.1,2022.0,0.08333333333333333
"Производство теплообменных устройств, оборудования для кондиционирования воздуха промышленного холодильного и морозильного оборудования, производство оборудования для фильтрования и очистки газов",28.25.1,2023.0,0.03225806451612903
"Производство теплообменных устройств, оборудования для кондиционирования воздуха промышленного холодильного и морозильного оборудования, производство оборудования для фильтрования и очистки газов",28.25.1,2024.0,0.007042253521126761
Производство теплообменных устройств и машин для сжижения воздуха или прочих газов,28.25.11,2021.0,0.029411764705882353
Производство теплообменных устройств и машин для сжижения воздуха или прочих газов,28.25.11,2022.0,0.11428571428571428
Производство теплообменных устройств и машин для сжижения воздуха или прочих газов,28.25.11,2023.0,0.02702702702702703
Производство теплообменных устройств и машин для сжижения воздуха или прочих газов,28.25.11,2024.0,0.02631578947368421
Производство оборудования для кондиционирования воздуха,28.25.12,2021.0,0.07142857142857142
Производство оборудования для кондиционирования воздуха,28.25.12,2022.0,0.13793103448275862
Производство оборудования для кондиционирования воздуха,28.25.12,2023.0,0.06060606060606061
Производство оборудования для кондиционирования воздуха,28.25.12,2024.0,
Производство промышленного холодильного и морозильного оборудования,28.25.13,2021.0,
Производство промышленного холодильного и морозильного оборудования,28.25.13,2022.0,
Производство промышленного холодильного и морозильного оборудования,28.25.13,2023.0,0.045454545454545456
Производство промышленного холодильного и морозильного оборудования,28.25.13,2024.0,
Производство оборудования для фильтрования и очистки газов,28.25.14,2021.0,
Производство оборудования для фильтрования и очистки газов,28.25.14,2022.0,0.11764705882352941
Производство оборудования для фильтрования и очистки газов,28.25.14,2023.0,
Производство оборудования для фильтрования и очистки газов,28.25.14,2024.0,
Производство вентиляторов,28.25.2,2021.0,0.02702702702702703
Производство вентиляторов,28.25.2,2022.0,0.02631578947368421
Производство вентиляторов,28.25.2,2023.0,0.03125
Производство вентиляторов,28.25.2,2024.0,
"Производство прочих машин и оборудования общего назначения, не включенного в другие группировки",28.29,2021.0,0.04285714285714286
"Производство прочих машин и оборудования общего назначения, не включенного в другие группировки",28.29,2022.0,0.043478260869565216
"Производство прочих машин и оборудования общего назначения, не включенного в другие группировки",28.29,2023.0,0.07317073170731707
"Производство прочих машин и оборудования общего назначения, не включенного в другие группировки",28.29,2024.0,0.031578947368421054
"Производство газогенераторов, аппаратов для дистилляции и фильтрования",28.29.1,2021.0,
"Производство газогенераторов, аппаратов для дистилляции и фильтрования",28.29.1,2022.0,0.024390243902439025
"Производство газогенераторов, аппаратов для дистилляции и фильтрования",28.29.1,2023.0,0.06666666666666667
"Производство газогенераторов, аппаратов для дистилляции и фильтрования",28.29.1,2024.0,
"Производство генераторов для получения генераторного или водяного газа, ацетиленовых и аналогичных газогенераторов, установок для дистилляции или очистки",28.29.11,2021.0,
"Производство генераторов для получения генераторного или водяного газа, ацетиленовых и аналогичных газогенераторов, установок для дистилляции или очистки",28.29.11,2022.0,
"Производство генераторов для получения генераторного или водяного газа, ацетиленовых и аналогичных газогенераторов, установок для дистилляции или очистки",28.29.11,2023.0,
"Производство генераторов для получения генераторного или водяного газа, ацетиленовых и аналогичных газогенераторов, установок для дистилляции или очистки",28.29.11,2024.0,
Производство оборудования и установок для фильтрования или очистки жидкостей,28.29.12,2021.0,
Производство оборудования и установок для фильтрования или очистки жидкостей,28.29.12,2022.0,0.03125
Производство оборудования и установок для фильтрования или очистки жидкостей,28.29.12,2023.0,0.10526315789473684
Производство оборудования и установок для фильтрования или очистки жидкостей,28.29.12,2024.0,
"Производство масляных, бензиновых и всасывающих воздушных фильтров для двигателей внутреннего сгорания",28.29.13,2021.0,
"Производство масляных, бензиновых и всасывающих воздушных фильтров для двигателей внутреннего сгорания",28.29.13,2022.0,
"Производство масляных, бензиновых и всасывающих воздушных фильтров для двигателей внутреннего сгорания",28.29.13,2023.0,
"Производство масляных, бензиновых и всасывающих воздушных фильтров для двигателей внутреннего сгорания",28.29.13,2024.0,
"Производство оборудования для мойки, заполнения, закупоривания или упаковывания бутылок или прочих емкостей, огнетушителей, распылителей, пароструйных или пескоструйных машин, прокладок",28.29.2,2021.0,
"Производство оборудования для мойки, заполнения, закупоривания или упаковывания бутылок или прочих емкостей, огнетушителей, распылителей, пароструйных или пескоструйных машин, прокладок",28.29.2,2022.0,
"Производство оборудования для мойки, заполнения, закупоривания или упаковывания бутылок или прочих емкостей, огнетушителей, распылителей, пароструйных или пескоструйных машин, прокладок",28.29.2,2023.0,
"Производство оборудования для мойки, заполнения, закупоривания или упаковывания бутылок или прочих емкостей, огнетушителей, распылителей, пароструйных или пескоструйных машин, прокладок",28.29.2,2024.0,
"Производство оборудования для мойки, заполнения, закупоривания или упаковывания бутылок или прочих емкостей",28.29.21,2021.0,
"Производство оборудования для мойки, заполнения, закупоривания или упаковывания бутылок или прочих емкостей",28.29.21,2022.0,
"Производство оборудования для мойки, заполнения, закупоривания или упаковывания бутылок или прочих емкостей",28.29.21,2023.0,
"Производство оборудования для мойки, заполнения, закупоривания или упаковывания бутылок или прочих емкостей",28.29.21,2024.0,
"Производство огнетушителей, распылителей, пароструйных или пескоструйных машин",28.29.22,2021.0,
"Производство огнетушителей, распылителей, пароструйных или пескоструйных машин",28.29.22,2022.0,
"Производство огнетушителей, распылителей, пароструйных или пескоструйных машин",28.29.22,2023.0,
"Производство огнетушителей, распылителей, пароструйных или пескоструйных машин",28.29.22,2024.0,
"Производство промышленного, бытового и прочего оборудования для взвешивания и дозировки",28.29.3,2021.0,0.15384615384615385
"Производство промышленного, бытового и прочего оборудования для взвешивания и дозировки",28.29.3,2022.0,0.16666666666666666
"Производство промышленного, бытового и прочего оборудования для взвешивания и дозировки",28.29.3,2023.0,0.14285714285714285
"Производство промышленного, бытового и прочего оборудования для взвешивания и дозировки",28.29.3,2024.0,
Производство промышленного оборудования для взвешивания и дозировки,28.29.31,2021.0,0.1
Производство промышленного оборудования для взвешивания и дозировки,28.29.31,2022.0,0.2222222222222222
Производство промышленного оборудования для взвешивания и дозировки,28.29.31,2023.0,0.18181818181818182
Производство промышленного оборудования для взвешивания и дозировки,28.29.31,2024.0,
Производство прочего оборудования для взвешивания и дозировки,28.29.39,2022.0,
Производство прочего оборудования для взвешивания и дозировки,28.29.39,2023.0,
"Производство центрифуг, каландров и торговых автоматов",28.29.4,2021.0,
"Производство центрифуг, каландров и торговых автоматов",28.29.4,2022.0,
"Производство центрифуг, каландров и торговых автоматов",28.29.4,2023.0,
"Производство центрифуг, каландров и торговых автоматов",28.29.4,2024.0,
Производство центрифуг,28.29.41,2021.0,
Производство центрифуг,28.29.41,2022.0,
Производство центрифуг,28.29.41,2023.0,
Производство центрифуг,28.29.41,2024.0,
"Производство оборудования для обработки материалов с использованием процессов, включающих изменение температуры, не включенного в другие группировки",28.29.6,2021.0,0.1
"Производство оборудования для обработки материалов с использованием процессов, включающих изменение температуры, не включенного в другие группировки",28.29.6,2022.0,0.07692307692307693
"Производство оборудования для обработки материалов с использованием процессов, включающих изменение температуры, не включенного в другие группировки",28.29.6,2023.0,0.08333333333333333
"Производство оборудования для обработки материалов с использованием процессов, включающих изменение температуры, не включенного в другие группировки",28.29.6,2024.0,0.07142857142857142
"Производство неэлектрического оборудования и инструментов для пайки мягким и твердым припоем или сварки, машин и аппаратов для газотермического напыления",28.29.7,2021.0,
"Производство неэлектрического оборудования и инструментов для пайки мягким и твердым припоем или сварки, машин и аппаратов для газотермического напыления",28.29.7,2022.0,
"Производство неэлектрического оборудования и инструментов для пайки мягким и твердым припоем или сварки, машин и аппаратов для газотермического напыления",28.29.7,2023.0,
"Производство неэлектрического оборудования и инструментов для пайки мягким и твердым припоем или сварки, машин и аппаратов для газотермического напыления",28.29.7,2024.0,
Производство машин и оборудования для сельского и лесного хозяйства,28.30,2021.0,0.03529411764705882
Производство машин и оборудования для сельского и лесного хозяйства,28.30,2022.0,0.09090909090909091
Производство машин и оборудования для сельского и лесного хозяйства,28.30,2023.0,0.05
Производство машин и оборудования для сельского и лесного хозяйства,28.30,2024.0,0.046511627906976744
"Производство тракторов, управляемых рядом идущим водителем",28.30.1,2021.0,
"Производство тракторов, управляемых рядом идущим водителем",28.30.1,2022.0,
"Производство тракторов, управляемых рядом идущим водителем",28.30.1,2023.0,
"Производство тракторов, управляемых рядом идущим водителем",28.30.1,2024.0,
Производство тракторов для сельского хозяйства,28.30.2,2021.0,
Производство тракторов для сельского хозяйства,28.30.2,2022.0,0.14285714285714285
Производство тракторов для сельского хозяйства,28.30.2,2023.0,
Производство тракторов для сельского хозяйства,28.30.2,2024.0,
Производство колесных тракторов для сельского хозяйства,28.30.21,2021.0,
Производство колесных тракторов для сельского хозяйства,28.30.21,2022.0,0.14285714285714285
Производство колесных тракторов для сельского хозяйства,28.30.21,2023.0,
Производство колесных тракторов для сельского хозяйства,28.30.21,2024.0,
Производство гусеничных тракторов для сельского хозяйства,28.30.22,2021.0,
Производство машин и сельскохозяйственного оборудования для обработки почвы,28.30.3,2021.0,0.05
Производство машин и сельскохозяйственного оборудования для обработки почвы,28.30.3,2022.0,0.08571428571428572
Производство машин и сельскохозяйственного оборудования для обработки почвы,28.30.3,2023.0,0.027777777777777776
Производство машин и сельскохозяйственного оборудования для обработки почвы,28.30.3,2024.0,0.08108108108108109
Производство машин для уборки урожая,28.30.5,2021.0,
Производство машин для уборки урожая,28.30.5,2022.0,
Производство машин для уборки урожая,28.30.5,2023.0,
Производство машин для уборки урожая,28.30.5,2024.0,0.1111111111111111
Производство зерноуборочных комбайнов,28.30.51,2021.0,
Производство зерноуборочных комбайнов,28.30.51,2022.0,
Производство зерноуборочных комбайнов,28.30.51,2023.0,
Производство зерноуборочных комбайнов,28.30.51,2024.0,
Производство прочих машин для уборки урожая,28.30.59,2021.0,
Производство прочих машин для уборки урожая,28.30.59,2022.0,
Производство прочих машин для уборки урожая,28.30.59,2023.0,
Производство прочих машин для уборки урожая,28.30.59,2024.0,0.16666666666666666
"Производство механических устройств для разбрасывания или распыления жидкостей или порошков, используемых в сельском хозяйстве или садоводстве",28.30.6,2021.0,
"Производство механических устройств для разбрасывания или распыления жидкостей или порошков, используемых в сельском хозяйстве или садоводстве",28.30.6,2022.0,
"Производство механических устройств для разбрасывания или распыления жидкостей или порошков, используемых в сельском хозяйстве или садоводстве",28.30.6,2023.0,
"Производство механических устройств для разбрасывания или распыления жидкостей или порошков, используемых в сельском хозяйстве или садоводстве",28.30.6,2024.0,
Производство самозагружающихся или саморазгружающихся прицепов и полуприцепов для сельского хозяйства,28.30.7,2022.0,
Производство самозагружающихся или саморазгружающихся прицепов и полуприцепов для сельского хозяйства,28.30.7,2023.0,
Производство самозагружающихся или саморазгружающихся прицепов и полуприцепов для сельского хозяйства,28.30.7,2024.0,
Производство прочих машин и оборудования для сельского и лесного хозяйства,28.30.8,2021.0,0.05263157894736842
Производство прочих машин и оборудования для сельского и лесного хозяйства,28.30.8,2022.0,0.2
Производство прочих машин и оборудования для сельского и лесного хозяйства,28.30.8,2023.0,0.058823529411764705
Производство прочих машин и оборудования для сельского и лесного хозяйства,28.30.8,2024.0,
"Производство машин для очистки, сортировки или калибровки яиц, фруктов или прочих сельскохозяйственных продуктов, кроме семян, зерна или сухих бобовых культур",28.30.81,2022.0,
"Производство машин для очистки, сортировки или калибровки яиц, фруктов или прочих сельскохозяйственных продуктов, кроме семян, зерна или сухих бобовых культур",28.30.81,2023.0,
Производство доильных аппаратов,28.30.82,2021.0,
Производство доильных аппаратов,28.30.82,2022.0,
Производство доильных аппаратов,28.30.82,2023.0,
Производство доильных аппаратов,28.30.82,2024.0,
Производство оборудования для приготовления кормов для животных,28.30.83,2021.0,
Производство оборудования для приготовления кормов для животных,28.30.83,2022.0,
Производство оборудования для приготовления кормов для животных,28.30.83,2023.0,
Производство оборудования для приготовления кормов для животных,28.30.83,2024.0,
Производство машин и оборудования для содержания птицы,28.30.85,2021.0,
Производство машин и оборудования для содержания птицы,28.30.85,2022.0,1.0
Производство машин и оборудования для содержания птицы,28.30.85,2023.0,1.0
Производство машин и оборудования для содержания птицы,28.30.85,2024.0,
"Производство прочих машин и оборудования для сельского хозяйства, садоводства, птицеводства или пчеловодства, не включенных в другие группировки",28.30.89,2021.0,0.1
"Производство прочих машин и оборудования для сельского хозяйства, садоводства, птицеводства или пчеловодства, не включенных в другие группировки",28.30.89,2022.0,0.25
"Производство прочих машин и оборудования для сельского хозяйства, садоводства, птицеводства или пчеловодства, не включенных в другие группировки",28.30.89,2023.0,
"Производство прочих машин и оборудования для сельского хозяйства, садоводства, птицеводства или пчеловодства, не включенных в другие группировки",28.30.89,2024.0,
"Производство станков, машин и оборудования для обработки металлов и прочих твердых материалов",28.4,2021.0,
"Производство станков, машин и оборудования для обработки металлов и прочих твердых материалов",28.4,2022.0,0.05714285714285714
"Производство станков, машин и оборудования для обработки металлов и прочих твердых материалов",28.4,2023.0,0.03125
"Производство станков, машин и оборудования для обработки металлов и прочих твердых материалов",28.4,2024.0,
Производство металлообрабатывающего оборудования,28.41,2021.0,
Производство металлообрабатывающего оборудования,28.41,2022.0,0.03225806451612903
Производство металлообрабатывающего оборудования,28.41,2023.0,0.03571428571428571
Производство металлообрабатывающего оборудования,28.41,2024.0,
Производство металлообрабатывающих станков,28.41.1,2021.0,
Производство металлообрабатывающих станков,28.41.1,2022.0,
Производство металлообрабатывающих станков,28.41.1,2023.0,0.05
Производство металлообрабатывающих станков,28.41.1,2024.0,
Производство кузнечно-прессового оборудования,28.41.2,2021.0,
Производство кузнечно-прессового оборудования,28.41.2,2022.0,0.16666666666666666
Производство кузнечно-прессового оборудования,28.41.2,2023.0,
Производство кузнечно-прессового оборудования,28.41.2,2024.0,
"Производство аддитивных установок, использующих в качестве сырья металл, керамику и композиты",28.41.3,2023.0,
"Производство аддитивных установок, использующих в качестве сырья металл, керамику и композиты",28.41.3,2024.0,
Производство прочих станков,28.49,2021.0,
Производство прочих станков,28.49,2022.0,0.25
Производство прочих станков,28.49,2023.0,
Производство прочих станков,28.49,2024.0,
"Производство станков для обработки камня, дерева и аналогичных твердых материалов",28.49.1,2021.0,
"Производство станков для обработки камня, дерева и аналогичных твердых материалов",28.49.1,2022.0,
"Производство станков для обработки камня, дерева и аналогичных твердых материалов",28.49.1,2023.0,
"Производство станков для обработки камня, дерева и аналогичных твердых материалов",28.49.1,2024.0,
"Производство станков для обработки камня, керамики, бетона или аналогичных минеральных материалов или для холодной обработки стекла",28.49.11,2021.0,
"Производство станков для обработки камня, керамики, бетона или аналогичных минеральных материалов или для холодной обработки стекла",28.49.11,2022.0,
"Производство станков для обработки камня, керамики, бетона или аналогичных минеральных материалов или для холодной обработки стекла",28.49.11,2024.0,
Производство деревообрабатывающих станков,28.49.12,2021.0,
Производство деревообрабатывающих станков,28.49.12,2022.0,
Производство деревообрабатывающих станков,28.49.12,2023.0,
Производство деревообрабатывающих станков,28.49.12,2024.0,
Производство оборудования для нанесения гальванического покрытия,28.49.2,2021.0,
Производство оборудования для нанесения гальванического покрытия,28.49.2,2022.0,
Производство оборудования для нанесения гальванического покрытия,28.49.2,2023.0,
Производство делительных головок и прочих специальных приспособлений для станков,28.49.4,2021.0,
Производство делительных головок и прочих специальных приспособлений для станков,28.49.4,2022.0,1.0
Производство делительных головок и прочих специальных приспособлений для станков,28.49.4,2023.0,
Производство делительных головок и прочих специальных приспособлений для станков,28.49.4,2024.0,
Производство прочих машин специального назначения,28.9,2021.0,0.050314465408805034
Производство прочих машин специального назначения,28.9,2022.0,0.04984423676012461
Производство прочих машин специального назначения,28.9,2023.0,0.040345821325648415
Производство прочих машин специального назначения,28.9,2024.0,0.039660056657223795
Производство машин и оборудования для металлургии,28.91,2021.0,
Производство машин и оборудования для металлургии,28.91,2022.0,
Производство машин и оборудования для металлургии,28.91,2023.0,
Производство машин и оборудования для металлургии,28.91,2024.0,
"Производство конвертеров, ковшей, изложниц и литейных машин",28.91.1,2021.0,
"Производство конвертеров, ковшей, изложниц и литейных машин",28.91.1,2022.0,
"Производство конвертеров, ковшей, изложниц и литейных машин",28.91.1,2023.0,
"Производство конвертеров, ковшей, изложниц и литейных машин",28.91.1,2024.0,
Производство прокатных станов,28.91.2,2021.0,
Производство прокатных станов,28.91.2,2022.0,
Производство прокатных станов,28.91.2,2023.0,
Производство прокатных станов,28.91.2,2024.0,
Производство валков для прокатных станов,28.91.3,2021.0,
Производство валков для прокатных станов,28.91.3,2022.0,
Производство валков для прокатных станов,28.91.3,2023.0,
Производство валков для прокатных станов,28.91.3,2024.0,
Производство машин и оборудования для добычи полезных ископаемых и строительства,28.92,2021.0,0.08403361344537816
Производство машин и оборудования для добычи полезных ископаемых и строительства,28.92,2022.0,0.0743801652892562
Производство машин и оборудования для добычи полезных ископаемых и строительства,28.92,2023.0,0.056910569105691054
Производство машин и оборудования для добычи полезных ископаемых и строительства,28.92,2024.0,0.07518796992481203
Производство оборудования для добычи полезных ископаемых подземным способом,28.92.1,2021.0,
Производство оборудования для добычи полезных ископаемых подземным способом,28.92.1,2022.0,
Производство оборудования для добычи полезных ископаемых подземным способом,28.92.1,2023.0,
Производство оборудования для добычи полезных ископаемых подземным способом,28.92.1,2024.0,
Производство подъемников и конвейеров непрерывного действия для подземных работ,28.92.11,2021.0,
Производство подъемников и конвейеров непрерывного действия для подземных работ,28.92.11,2022.0,
Производство подъемников и конвейеров непрерывного действия для подземных работ,28.92.11,2023.0,
Производство подъемников и конвейеров непрерывного действия для подземных работ,28.92.11,2024.0,
Производство врубовых машин и оборудования для проходки тоннелей,28.92.12,2021.0,
Производство врубовых машин и оборудования для проходки тоннелей,28.92.12,2022.0,
Производство врубовых машин и оборудования для проходки тоннелей,28.92.12,2023.0,
"Производство прочих машин для перемещения, грейдерных работ, планирования, скреперных работ, выемки, трамбовки, уплотнения или добычи, самоходных, для грунта, минералов или руд",28.92.2,2021.0,
"Производство прочих машин для перемещения, грейдерных работ, планирования, скреперных работ, выемки, трамбовки, уплотнения или добычи, самоходных, для грунта, минералов или руд",28.92.2,2022.0,
"Производство прочих машин для перемещения, грейдерных работ, планирования, скреперных работ, выемки, трамбовки, уплотнения или добычи, самоходных, для грунта, минералов или руд",28.92.2,2023.0,
"Производство прочих машин для перемещения, грейдерных работ, планирования, скреперных работ, выемки, трамбовки, уплотнения или добычи, самоходных, для грунта, минералов или руд",28.92.2,2024.0,
Производство бульдозеров,28.92.21,2021.0,
Производство самоходных грейдеров и планировщиков,28.92.22,2021.0,
Производство самоходных грейдеров и планировщиков,28.92.22,2022.0,
Производство самоходных грейдеров и планировщиков,28.92.22,2023.0,
Производство самоходных грейдеров и планировщиков,28.92.22,2024.0,
Производство самоходных фронтальных одноковшовых погрузчиков,28.92.25,2021.0,
Производство самоходных фронтальных одноковшовых погрузчиков,28.92.25,2022.0,
Производство самоходных фронтальных одноковшовых погрузчиков,28.92.25,2023.0,
Производство самоходных фронтальных одноковшовых погрузчиков,28.92.25,2024.0,
Производство одноковшовых полноповоротных экскаваторов и погрузчиков,28.92.26,2021.0,
Производство одноковшовых полноповоротных экскаваторов и погрузчиков,28.92.26,2022.0,
Производство одноковшовых полноповоротных экскаваторов и погрузчиков,28.92.26,2023.0,
Производство одноковшовых полноповоротных экскаваторов и погрузчиков,28.92.26,2024.0,
Производство прочих машин для выемки грунта и строительства,28.92.3,2024.0,
"Производство машин для сортировки, дробления, смешивания и аналогичной обработки грунта, камня, руды и прочих минеральных веществ",28.92.4,2021.0,
"Производство машин для сортировки, дробления, смешивания и аналогичной обработки грунта, камня, руды и прочих минеральных веществ",28.92.4,2022.0,
"Производство машин для сортировки, дробления, смешивания и аналогичной обработки грунта, камня, руды и прочих минеральных веществ",28.92.4,2023.0,
"Производство машин для сортировки, дробления, смешивания и аналогичной обработки грунта, камня, руды и прочих минеральных веществ",28.92.4,2024.0,
"Производство машин и оборудования для производства пищевых продуктов, напитков и табачных изделий",28.93,2021.0,0.02702702702702703
"Производство машин и оборудования для производства пищевых продуктов, напитков и табачных изделий",28.93,2022.0,0.030303030303030304
"Производство машин и оборудования для производства пищевых продуктов, напитков и табачных изделий",28.93,2023.0,
"Производство машин и оборудования для производства пищевых продуктов, напитков и табачных изделий",28.93,2024.0,
"Производство машин и оборудования для изготовления текстильных, швейных, меховых и кожаных изделий",28.94,2021.0,
"Производство машин и оборудования для изготовления текстильных, швейных, меховых и кожаных изделий",28.94,2022.0,
"Производство машин и оборудования для изготовления текстильных, швейных, меховых и кожаных изделий",28.94,2023.0,
"Производство машин и оборудования для изготовления текстильных, швейных, меховых и кожаных изделий",28.94,2024.0,
"Производство оборудования для подготовки, прядения текстильных волокон, производства тканых и трикотажных текстильных изделий",28.94.1,2024.0,
"Производство прочего оборудования для текстильной и швейной промышленности, в том числе промышленных швейных машин",28.94.2,2021.0,
"Производство прочего оборудования для текстильной и швейной промышленности, в том числе промышленных швейных машин",28.94.2,2022.0,
"Производство прочего оборудования для текстильной и швейной промышленности, в том числе промышленных швейных машин",28.94.2,2023.0,
"Производство прочего оборудования для текстильной и швейной промышленности, в том числе промышленных швейных машин",28.94.2,2024.0,
Производство машин и оборудования для изготовления бумаги и картона,28.95,2021.0,
Производство машин и оборудования для изготовления бумаги и картона,28.95,2022.0,0.25
Производство машин и оборудования для изготовления бумаги и картона,28.95,2023.0,
Производство машин и оборудования для изготовления бумаги и картона,28.95,2024.0,
Производство машин и оборудования для переработки пластмасс и резины,28.96,2022.0,
Производство машин и оборудования для переработки пластмасс и резины,28.96,2023.0,
Производство машин и оборудования для переработки пластмасс и резины,28.96,2024.0,
"Производство прочих машин и оборудования специального назначения, не включенных в другие группировки",28.99,2021.0,0.0364963503649635
"Производство прочих машин и оборудования специального назначения, не включенных в другие группировки",28.99,2022.0,0.034482758620689655
"Производство прочих машин и оборудования специального назначения, не включенных в другие группировки",28.99,2023.0,0.04216867469879518
"Производство прочих машин и оборудования специального назначения, не включенных в другие группировки",28.99,2024.0,0.024096385542168676
"Производство прочего оборудования специального назначения, не включенного в другие группировки",28.99.03.АГ,2021.0,0.04
"Производство прочего оборудования специального назначения, не включенного в другие группировки",28.99.03.АГ,2022.0,0.022388059701492536
"Производство прочего оборудования специального назначения, не включенного в другие группировки",28.99.03.АГ,2023.0,0.04794520547945205
"Производство прочего оборудования специального назначения, не включенного в другие группировки",28.99.03.АГ,2024.0,0.02702702702702703
"Производство переплетного, наборного, включая фотонаборные машины, печатного оборудования и его составных частей",28.99.1,2021.0,
"Производство переплетного, наборного, включая фотонаборные машины, печатного оборудования и его составных частей",28.99.1,2022.0,
"Производство переплетного, наборного, включая фотонаборные машины, печатного оборудования и его составных частей",28.99.1,2023.0,
"Производство переплетного, наборного, включая фотонаборные машины, печатного оборудования и его составных частей",28.99.1,2024.0,
"Производство оборудования и аппаратуры для производства полупроводниковых слитков или пластин, полупроводниковых устройств, электронных интегральных микросхем или плоскопанельных дисплеев",28.99.2,2021.0,
Производство оборудования технологического специального для объектов использования атомной энергии,28.99.4,2021.0,
Производство оборудования технологического специального для объектов использования атомной энергии,28.99.4,2022.0,
Производство оборудования технологического специального для объектов использования атомной энергии,28.99.4,2023.0,
Производство промышленных роботов и робототехнических устройств,28.99.5,2023.0,
Производство промышленных роботов и робототехнических устройств,28.99.5,2024.0,
"Производство автотранспортных средств, прицепов и полуприцепов",29,2021.0,0.045714285714285714
"Производство автотранспортных средств, прицепов и полуприцепов",29,2022.0,0.0671785028790787
"Производство автотранспортных средств, прицепов и полуприцепов",29,2023.0,0.03731343283582089
"Производство автотранспортных средств, прицепов и полуприцепов",29,2024.0,0.04063604240282685
Производство автотранспортных средств,29.10,2021.0,0.02976190476190476
Производство автотранспортных средств,29.10,2022.0,0.07692307692307693
Производство автотранспортных средств,29.10,2023.0,0.045454545454545456
Производство автотранспортных средств,29.10,2024.0,0.06280193236714976
Производство двигателей внутреннего сгорания автотранспортных средств,29.10.1,2021.0,
Производство двигателей внутреннего сгорания автотранспортных средств,29.10.1,2022.0,0.09090909090909091
Производство двигателей внутреннего сгорания автотранспортных средств,29.10.1,2023.0,0.09090909090909091
Производство двигателей внутреннего сгорания автотранспортных средств,29.10.1,2024.0,0.07142857142857142
Производство двигателей внутреннего сгорания с искровым зажиганием с рабочим объемом цилиндров не более 1000 см3,29.10.11,2021.0,
Производство двигателей внутреннего сгорания с искровым зажиганием с рабочим объемом цилиндров не более 1000 см3,29.10.11,2022.0,
Производство двигателей внутреннего сгорания с рабочим объемом цилиндров более 1000 см3,29.10.12,2021.0,
Производство двигателей внутреннего сгорания с рабочим объемом цилиндров более 1000 см3,29.10.12,2022.0,
Производство двигателей внутреннего сгорания с рабочим объемом цилиндров более 1000 см3,29.10.12,2023.0,
Производство двигателей внутреннего сгорания с рабочим объемом цилиндров более 1000 см3,29.10.12,2024.0,
Производство двигателей внутреннего сгорания с воспламенением от сжатия,29.10.13,2021.0,
Производство двигателей внутреннего сгорания с воспламенением от сжатия,29.10.13,2022.0,0.16666666666666666
Производство двигателей внутреннего сгорания с воспламенением от сжатия,29.10.13,2023.0,0.125
Производство двигателей внутреннего сгорания с воспламенением от сжатия,29.10.13,2024.0,0.1
Производство легковых автомобилей,29.10.2,2021.0,0.043478260869565216
Производство легковых автомобилей,29.10.2,2022.0,
Производство легковых автомобилей,29.10.2,2023.0,0.043478260869565216
Производство легковых автомобилей,29.10.2,2024.0,0.07407407407407407
Производство автобусов и троллейбусов,29.10.3,2021.0,
Производство автобусов и троллейбусов,29.10.3,2022.0,0.13333333333333333
Производство автобусов и троллейбусов,29.10.3,2023.0,
Производство автобусов и троллейбусов,29.10.3,2024.0,0.2608695652173913
Производство автобусов,29.10.31,2021.0,
Производство автобусов,29.10.31,2022.0,0.07692307692307693
Производство автобусов,29.10.31,2023.0,
Производство автобусов,29.10.31,2024.0,0.3157894736842105
Производство троллейбусов,29.10.32,2021.0,
Производство троллейбусов,29.10.32,2022.0,0.5
Производство троллейбусов,29.10.32,2023.0,
Производство троллейбусов,29.10.32,2024.0,
Производство грузовых автомобилей,29.10.4,2021.0,0.03571428571428571
Производство грузовых автомобилей,29.10.4,2022.0,0.034482758620689655
Производство грузовых автомобилей,29.10.4,2023.0,0.034482758620689655
Производство грузовых автомобилей,29.10.4,2024.0,0.06896551724137931
Производство автомобилей специального назначения,29.10.5,2021.0,0.02702702702702703
Производство автомобилей специального назначения,29.10.5,2022.0,0.08333333333333333
Производство автомобилей специального назначения,29.10.5,2023.0,0.045454545454545456
Производство автомобилей специального назначения,29.10.5,2024.0,0.02
Производство кузовов для автотранспортных средств; производство прицепов и полуприцепов,29.20,2021.0,0.11363636363636363
Производство кузовов для автотранспортных средств; производство прицепов и полуприцепов,29.20,2022.0,0.08888888888888889
Производство кузовов для автотранспортных средств; производство прицепов и полуприцепов,29.20,2023.0,0.01639344262295082
Производство кузовов для автотранспортных средств; производство прицепов и полуприцепов,29.20,2024.0,
Производство кузовов для легковых автомобилей,29.20.1,2021.0,1.0
Производство кузовов для легковых автомобилей,29.20.1,2022.0,
Производство кузовов для легковых автомобилей,29.20.1,2023.0,
Производство кузовов для легковых автомобилей,29.20.1,2024.0,
Производство кузовов для грузовых автомобилей,29.20.2,2021.0,0.3333333333333333
Производство кузовов для грузовых автомобилей,29.20.2,2022.0,0.125
Производство кузовов для грузовых автомобилей,29.20.2,2023.0,0.1111111111111111
Производство кузовов для грузовых автомобилей,29.20.2,2024.0,
Производство кузовов для автобусов,29.20.3,2021.0,
Производство кузовов для автобусов,29.20.3,2022.0,
Производство кузовов для автобусов,29.20.3,2023.0,
Производство кузовов для автобусов,29.20.3,2024.0,
Производство прицепов и полуприцепов,29.20.4,2021.0,
Производство прицепов и полуприцепов,29.20.4,2022.0,0.037037037037037035
Производство прицепов и полуприцепов,29.20.4,2023.0,
Производство прицепов и полуприцепов,29.20.4,2024.0,
Производство грузовых контейнеров,29.20.5,2022.0,
Производство грузовых контейнеров,29.20.5,2023.0,
Производство грузовых контейнеров,29.20.5,2024.0,
Производство комплектующих и принадлежностей для автотранспортных средств,29.3,2021.0,0.04472843450479233
Производство комплектующих и принадлежностей для автотранспортных средств,29.3,2022.0,0.05863192182410423
Производство комплектующих и принадлежностей для автотранспортных средств,29.3,2023.0,0.03678929765886288
Производство комплектующих и принадлежностей для автотранспортных средств,29.3,2024.0,0.033444816053511704
Производство электрического и электронного оборудования для автотранспортных средств,29.31,2021.0,0.015873015873015872
Производство электрического и электронного оборудования для автотранспортных средств,29.31,2022.0,0.037037037037037035
Производство электрического и электронного оборудования для автотранспортных средств,29.31,2023.0,0.016666666666666666
Производство электрического и электронного оборудования для автотранспортных средств,29.31,2024.0,0.03508771929824561
Производство прочих комплектующих и принадлежностей для автотранспортных средств,29.32,2021.0,0.052
Производство прочих комплектующих и принадлежностей для автотранспортных средств,29.32,2022.0,0.06324110671936758
Производство прочих комплектующих и принадлежностей для автотранспортных средств,29.32,2023.0,0.04184100418410042
Производство прочих комплектующих и принадлежностей для автотранспортных средств,29.32,2024.0,0.03305785123966942
Производство сидений для автотранспортных средств,29.32.1,2021.0,0.18181818181818182
Производство сидений для автотранспортных средств,29.32.1,2022.0,0.09090909090909091
Производство сидений для автотранспортных средств,29.32.1,2023.0,
Производство сидений для автотранспортных средств,29.32.1,2024.0,
"Производство ремней безопасности, подушек безопасности, их частей и принадлежностей кузовов",29.32.2,2021.0,
"Производство ремней безопасности, подушек безопасности, их частей и принадлежностей кузовов",29.32.2,2022.0,
"Производство ремней безопасности, подушек безопасности, их частей и принадлежностей кузовов",29.32.2,2023.0,0.14285714285714285
"Производство ремней безопасности, подушек безопасности, их частей и принадлежностей кузовов",29.32.2,2024.0,
"Производство частей и принадлежностей для автотранспортных средств, не включенных в другие группировки",29.32.3,2021.0,0.05
"Производство частей и принадлежностей для автотранспортных средств, не включенных в другие группировки",29.32.3,2022.0,0.06222222222222222
"Производство частей и принадлежностей для автотранспортных средств, не включенных в другие группировки",29.32.3,2023.0,0.04245283018867924
"Производство частей и принадлежностей для автотранспортных средств, не включенных в другие группировки",29.32.3,2024.0,0.038461538461538464
Производство прочих транспортных средств и оборудования,30,2021.0,0.02710843373493976
Производство прочих транспортных средств и оборудования,30,2022.0,0.029503105590062112
Производство прочих транспортных средств и оборудования,30,2023.0,0.031545741324921134
Производство прочих транспортных средств и оборудования,30,2024.0,0.022222222222222223
"Производство прочих транспортных средств, не включенных в другие группировки",30.01.АГ,2021.0,0.028037383177570093
"Производство прочих транспортных средств, не включенных в другие группировки",30.01.АГ,2022.0,0.0423728813559322
"Производство прочих транспортных средств, не включенных в другие группировки",30.01.АГ,2023.0,0.04477611940298507
"Производство прочих транспортных средств, не включенных в другие группировки",30.01.АГ,2024.0,0.02097902097902098
Производство железнодорожных локомотивов и подвижного состава,30.20,2021.0,0.027093596059113302
Производство железнодорожных локомотивов и подвижного состава,30.20,2022.0,0.02168021680216802
Производство железнодорожных локомотивов и подвижного состава,30.20,2023.0,0.01818181818181818
Производство железнодорожных локомотивов и подвижного состава,30.20,2024.0,0.006557377049180328
Производство железнодорожных локомотивов,30.20.1,2021.0,
Производство железнодорожных локомотивов,30.20.1,2022.0,
Производство железнодорожных локомотивов,30.20.1,2023.0,
Производство железнодорожных локомотивов,30.20.1,2024.0,
Производство магистральных электровозов,30.20.11,2021.0,
Производство магистральных электровозов,30.20.11,2022.0,
Производство магистральных электровозов,30.20.11,2023.0,
Производство магистральных электровозов,30.20.11,2024.0,
Производство магистральных тепловозов,30.20.12,2021.0,
Производство магистральных тепловозов,30.20.12,2022.0,
Производство магистральных тепловозов,30.20.12,2023.0,
Производство магистральных тепловозов,30.20.12,2024.0,
Производство маневровых тепловозов,30.20.13,2021.0,
Производство маневровых тепловозов,30.20.13,2022.0,
Производство маневровых тепловозов,30.20.13,2023.0,
Производство маневровых тепловозов,30.20.13,2024.0,
"Производство моторных железнодорожных, трамвайных вагонов и вагонов метро, автодрезин, кроме транспортных средств для ремонта и технического обслуживания железнодорожных и трамвайных путей",30.20.2,2021.0,
"Производство моторных железнодорожных, трамвайных вагонов и вагонов метро, автодрезин, кроме транспортных средств для ремонта и технического обслуживания железнодорожных и трамвайных путей",30.20.2,2022.0,
"Производство моторных железнодорожных, трамвайных вагонов и вагонов метро, автодрезин, кроме транспортных средств для ремонта и технического обслуживания железнодорожных и трамвайных путей",30.20.2,2023.0,
"Производство моторных железнодорожных, трамвайных вагонов и вагонов метро, автодрезин, кроме транспортных средств для ремонта и технического обслуживания железнодорожных и трамвайных путей",30.20.2,2024.0,
Производство прочего подвижного состава,30.20.3,2021.0,0.16129032258064516
Производство прочего подвижного состава,30.20.3,2022.0,0.0625
Производство прочего подвижного состава,30.20.3,2023.0,
Производство прочего подвижного состава,30.20.3,2024.0,
"Производство транспортных средств для ремонта и технического обслуживания железнодорожных, трамвайных и прочих путей",30.20.31,2021.0,
"Производство транспортных средств для ремонта и технического обслуживания железнодорожных, трамвайных и прочих путей",30.20.31,2022.0,0.06666666666666667
"Производство транспортных средств для ремонта и технического обслуживания железнодорожных, трамвайных и прочих путей",30.20.31,2023.0,
"Производство транспортных средств для ремонта и технического обслуживания железнодорожных, трамвайных и прочих путей",30.20.31,2024.0,
"Производство немоторных пассажирских железнодорожных, трамвайных вагонов и вагонов метро, багажных, почтовых и прочих вагонов специального назначения, кроме вагонов, предназначенных для ремонта и технического обслуживания путей",30.20.32,2021.0,
"Производство немоторных пассажирских железнодорожных, трамвайных вагонов и вагонов метро, багажных, почтовых и прочих вагонов специального назначения, кроме вагонов, предназначенных для ремонта и технического обслуживания путей",30.20.32,2022.0,
"Производство немоторных пассажирских железнодорожных, трамвайных вагонов и вагонов метро, багажных, почтовых и прочих вагонов специального назначения, кроме вагонов, предназначенных для ремонта и технического обслуживания путей",30.20.32,2023.0,
"Производство немоторных пассажирских железнодорожных, трамвайных вагонов и вагонов метро, багажных, почтовых и прочих вагонов специального назначения, кроме вагонов, предназначенных для ремонта и технического обслуживания путей",30.20.32,2024.0,
"Производство несамоходных железнодорожных, трамвайных и прочих вагонов для перевозки грузов",30.20.33,2021.0,0.35714285714285715
"Производство несамоходных железнодорожных, трамвайных и прочих вагонов для перевозки грузов",30.20.33,2022.0,0.07692307692307693
"Производство несамоходных железнодорожных, трамвайных и прочих вагонов для перевозки грузов",30.20.33,2023.0,
"Производство несамоходных железнодорожных, трамвайных и прочих вагонов для перевозки грузов",30.20.33,2024.0,
"Производство частей железнодорожных локомотивов, трамвайных и прочих моторных вагонов и подвижного состава; производство путевого оборудования и устройств для железнодорожных, трамвайных и прочих путей, механического и электромеханического оборудования для управления движением",30.20.4,2021.0,
"Производство частей железнодорожных локомотивов, трамвайных и прочих моторных вагонов и подвижного состава; производство путевого оборудования и устройств для железнодорожных, трамвайных и прочих путей, механического и электромеханического оборудования для управления движением",30.20.4,2022.0,0.022222222222222223
"Производство частей железнодорожных локомотивов, трамвайных и прочих моторных вагонов и подвижного состава; производство путевого оборудования и устройств для железнодорожных, трамвайных и прочих путей, механического и электромеханического оборудования для управления движением",30.20.4,2023.0,0.020833333333333332
"Производство частей железнодорожных локомотивов, трамвайных и прочих моторных вагонов и подвижного состава; производство путевого оборудования и устройств для железнодорожных, трамвайных и прочих путей, механического и электромеханического оборудования для управления движением",30.20.4,2024.0,
"Предоставление услуг по восстановлению и оснащению (завершению) железнодорожных локомотивов, трамвайных моторных вагонов и прочего подвижного состава",30.20.9,2021.0,0.01773049645390071
"Предоставление услуг по восстановлению и оснащению (завершению) железнодорожных локомотивов, трамвайных моторных вагонов и прочего подвижного состава",30.20.9,2022.0,0.020080321285140562
"Предоставление услуг по восстановлению и оснащению (завершению) железнодорожных локомотивов, трамвайных моторных вагонов и прочего подвижного состава",30.20.9,2023.0,0.024154589371980676
"Предоставление услуг по восстановлению и оснащению (завершению) железнодорожных локомотивов, трамвайных моторных вагонов и прочего подвижного состава",30.20.9,2024.0,0.012195121951219513
"Производство летательных аппаратов, включая космические, и соответствующего оборудования",30.30,2021.0,0.029197080291970802
"Производство летательных аппаратов, включая космические, и соответствующего оборудования",30.30,2022.0,0.03496503496503497
"Производство летательных аппаратов, включая космические, и соответствующего оборудования",30.30,2023.0,0.04430379746835443
"Производство летательных аппаратов, включая космические, и соответствующего оборудования",30.30,2024.0,0.047619047619047616
"Производство силовых установок и двигателей для летательных аппаратов, включая космические; наземных тренажеров для летного состава; их частей",30.30.1,2021.0,0.06060606060606061
"Производство силовых установок и двигателей для летательных аппаратов, включая космические; наземных тренажеров для летного состава; их частей",30.30.1,2022.0,0.058823529411764705
"Производство силовых установок и двигателей для летательных аппаратов, включая космические; наземных тренажеров для летного состава; их частей",30.30.1,2023.0,0.07317073170731707
"Производство силовых установок и двигателей для летательных аппаратов, включая космические; наземных тренажеров для летного состава; их частей",30.30.1,2024.0,0.07894736842105263
Производство двигателей летательных аппаратов с искровым зажиганием и их частей,30.30.11,2021.0,0.14285714285714285
Производство двигателей летательных аппаратов с искровым зажиганием и их частей,30.30.11,2022.0,0.125
Производство двигателей летательных аппаратов с искровым зажиганием и их частей,30.30.11,2023.0,
Производство двигателей летательных аппаратов с искровым зажиганием и их частей,30.30.11,2024.0,0.14285714285714285
Производство турбореактивных и турбовинтовых двигателей и их частей,30.30.12,2021.0,
Производство турбореактивных и турбовинтовых двигателей и их частей,30.30.12,2022.0,0.05263157894736842
Производство турбореактивных и турбовинтовых двигателей и их частей,30.30.12,2023.0,0.14285714285714285
Производство турбореактивных и турбовинтовых двигателей и их частей,30.30.12,2024.0,0.09090909090909091
Производство реактивных двигателей и их частей,30.30.13,2021.0,
Производство реактивных двигателей и их частей,30.30.13,2022.0,
Производство реактивных двигателей и их частей,30.30.13,2023.0,
Производство реактивных двигателей и их частей,30.30.13,2024.0,
Производство наземных тренажеров для летного состава и их частей,30.30.14,2021.0,0.25
Производство наземных тренажеров для летного состава и их частей,30.30.14,2022.0,
Производство наземных тренажеров для летного состава и их частей,30.30.14,2023.0,
Производство наземных тренажеров для летного состава и их частей,30.30.14,2024.0,
"Производство аэростатов, дирижаблей, планеров, дельтапланов и прочих безмоторных летательных аппаратов",30.30.2,2021.0,
"Производство аэростатов, дирижаблей, планеров, дельтапланов и прочих безмоторных летательных аппаратов",30.30.2,2022.0,
"Производство аэростатов, дирижаблей, планеров, дельтапланов и прочих безмоторных летательных аппаратов",30.30.2,2024.0,
"Производство вертолетов, самолетов и прочих летательных аппаратов",30.30.3,2021.0,0.04878048780487805
"Производство вертолетов, самолетов и прочих летательных аппаратов",30.30.3,2022.0,0.023255813953488372
"Производство вертолетов, самолетов и прочих летательных аппаратов",30.30.3,2023.0,0.0425531914893617
"Производство вертолетов, самолетов и прочих летательных аппаратов",30.30.3,2024.0,0.02040816326530612
Производство вертолетов,30.30.31,2021.0,
Производство вертолетов,30.30.31,2022.0,
Производство вертолетов,30.30.31,2023.0,
Производство вертолетов,30.30.31,2024.0,
Производство самолетов,30.30.32,2021.0,0.1111111111111111
Производство самолетов,30.30.32,2022.0,0.07142857142857142
Производство самолетов,30.30.32,2023.0,0.15384615384615385
Производство самолетов,30.30.32,2024.0,0.0625
Производство прочих летательных аппаратов,30.30.39,2021.0,
Производство прочих летательных аппаратов,30.30.39,2022.0,
Производство прочих летательных аппаратов,30.30.39,2023.0,
Производство прочих летательных аппаратов,30.30.39,2024.0,
"Производство космических аппаратов (в том числе спутников), ракет-носителей",30.30.4,2021.0,
"Производство космических аппаратов (в том числе спутников), ракет-носителей",30.30.4,2022.0,
"Производство космических аппаратов (в том числе спутников), ракет-носителей",30.30.4,2023.0,
"Производство космических аппаратов (в том числе спутников), ракет-носителей",30.30.4,2024.0,0.16666666666666666
Производство автоматических космических аппаратов,30.30.41,2021.0,
Производство автоматических космических аппаратов,30.30.41,2022.0,
Производство автоматических космических аппаратов,30.30.41,2023.0,
Производство ракет-носителей,30.30.43,2023.0,
Производство ракет-носителей,30.30.43,2024.0,
Производство частей и принадлежностей летательных и космических аппаратов,30.30.5,2021.0,
Производство частей и принадлежностей летательных и космических аппаратов,30.30.5,2022.0,0.04081632653061224
Производство частей и принадлежностей летательных и космических аппаратов,30.30.5,2023.0,0.03571428571428571
Производство частей и принадлежностей летательных и космических аппаратов,30.30.5,2024.0,0.05172413793103448
Производство беспилотных авиационных систем,30.30.6,2024.0,
"Производство транспортных средств и оборудования, не включенных в другие группировки",30.9,2021.0,
"Производство транспортных средств и оборудования, не включенных в другие группировки",30.9,2022.0,0.07142857142857142
"Производство транспортных средств и оборудования, не включенных в другие группировки",30.9,2023.0,0.08333333333333333
"Производство транспортных средств и оборудования, не включенных в другие группировки",30.9,2024.0,0.07142857142857142
Производство мотоциклов,30.91,2021.0,
Производство мотоциклов,30.91,2022.0,
Производство мотоциклов,30.91,2023.0,
Производство мотоциклов,30.91,2024.0,
Производство велосипедов и инвалидных колясок,30.92,2021.0,
Производство велосипедов и инвалидных колясок,30.92,2022.0,
Производство велосипедов и инвалидных колясок,30.92,2023.0,
Производство велосипедов и инвалидных колясок,30.92,2024.0,
Производство велосипедов,30.92.1,2021.0,
Производство велосипедов,30.92.1,2022.0,
Производство велосипедов,30.92.1,2023.0,
Производство велосипедов,30.92.1,2024.0,
Производство инвалидных колясок,30.92.2,2021.0,
Производство инвалидных колясок,30.92.2,2022.0,
Производство инвалидных колясок,30.92.2,2023.0,
Производство инвалидных колясок,30.92.2,2024.0,
"Производство прочих транспортных средств и оборудования, не включенных в другие группировки",30.99,2021.0,
"Производство прочих транспортных средств и оборудования, не включенных в другие группировки",30.99,2022.0,0.25
"Производство прочих транспортных средств и оборудования, не включенных в другие группировки",30.99,2023.0,0.5
"Производство прочих транспортных средств и оборудования, не включенных в другие группировки",30.99,2024.0,0.3333333333333333
Производство мебели,31.0,2021.0,0.03827751196172249
Производство мебели,31.0,2022.0,0.09615384615384616
Производство мебели,31.0,2023.0,0.04090909090909091
Производство мебели,31.0,2024.0,0.028455284552845527
Производство мебели для офисов и предприятий торговли,31.01,2021.0,0.015384615384615385
Производство мебели для офисов и предприятий торговли,31.01,2022.0,0.08571428571428572
Производство мебели для офисов и предприятий торговли,31.01,2023.0,0.05970149253731343
Производство мебели для офисов и предприятий торговли,31.01,2024.0,0.04
Производство кухонной мебели,31.02,2021.0,0.08
Производство кухонной мебели,31.02,2022.0,0.13043478260869565
Производство кухонной мебели,31.02,2023.0,
Производство кухонной мебели,31.02,2024.0,
"Производство кухонной мебели, кроме изготовленной по индивидуальному заказу населения",31.02.1,2021.0,
"Производство кухонной мебели, кроме изготовленной по индивидуальному заказу населения",31.02.1,2022.0,
Изготовление кухонной мебели по индивидуальному заказу населения,31.02.2,2023.0,
Изготовление кухонной мебели по индивидуальному заказу населения,31.02.2,2024.0,
Производство матрасов,31.03,2021.0,
Производство матрасов,31.03,2022.0,0.2727272727272727
Производство матрасов,31.03,2023.0,0.07692307692307693
Производство матрасов,31.03,2024.0,
Производство прочей мебели,31.09,2021.0,0.045454545454545456
Производство прочей мебели,31.09,2022.0,0.07692307692307693
Производство прочей мебели,31.09,2023.0,0.03418803418803419
Производство прочей мебели,31.09,2024.0,0.030303030303030304
"Производство прочей мебели, кроме изготовленной по индивидуальному заказу населения",31.09.1,2022.0,
"Производство прочей мебели, кроме изготовленной по индивидуальному заказу населения",31.09.1,2023.0,
"Производство прочей мебели, кроме изготовленной по индивидуальному заказу населения",31.09.1,2024.0,
"Изготовление прочей мебели и отдельных мебельных деталей, не включенных в другие группировки по индивидуальному заказу населения",31.09.2,2022.0,
"Изготовление прочей мебели и отдельных мебельных деталей, не включенных в другие группировки по индивидуальному заказу населения",31.09.2,2023.0,
"Изготовление прочей мебели и отдельных мебельных деталей, не включенных в другие группировки по индивидуальному заказу населения",31.09.2,2024.0,
Производство прочих готовых изделий,32,2021.0,0.01875
Производство прочих готовых изделий,32,2022.0,0.0893371757925072
Производство прочих готовых изделий,32,2023.0,0.05714285714285714
Производство прочих готовых изделий,32,2024.0,0.0330188679245283
"Производство ювелирных изделий, бижутерии и подобных товаров",32.1,2021.0,0.015625
"Производство ювелирных изделий, бижутерии и подобных товаров",32.1,2022.0,0.10112359550561797
"Производство ювелирных изделий, бижутерии и подобных товаров",32.1,2023.0,0.075
"Производство ювелирных изделий, бижутерии и подобных товаров",32.1,2024.0,0.04697986577181208
Чеканка монет,32.11,2021.0,
Чеканка монет,32.11,2022.0,
Чеканка монет,32.11,2024.0,
Производство ювелирных изделий и аналогичных изделий,32.12,2021.0,0.01639344262295082
Производство ювелирных изделий и аналогичных изделий,32.12,2022.0,0.10227272727272728
Производство ювелирных изделий и аналогичных изделий,32.12,2023.0,0.075
Производство ювелирных изделий и аналогичных изделий,32.12,2024.0,0.047619047619047616
Обработка алмазов,32.12.3,2021.0,
Обработка алмазов,32.12.3,2022.0,
Обработка алмазов,32.12.3,2023.0,
Обработка алмазов,32.12.3,2024.0,0.25
"Обработка драгоценных, полудрагоценных, поделочных и синтетических камней, кроме алмазов и янтаря; производство изделий из полудрагоценных, поделочных и синтетических камней, кроме янтаря",32.12.4,2021.0,
"Обработка драгоценных, полудрагоценных, поделочных и синтетических камней, кроме алмазов и янтаря; производство изделий из полудрагоценных, поделочных и синтетических камней, кроме янтаря",32.12.4,2023.0,
"Обработка драгоценных, полудрагоценных, поделочных и синтетических камней, кроме алмазов и янтаря; производство изделий из полудрагоценных, поделочных и синтетических камней, кроме янтаря",32.12.4,2024.0,
"Производство ювелирных изделий, медалей из драгоценных металлов и драгоценных камней",32.12.5,2021.0,
"Производство ювелирных изделий, медалей из драгоценных металлов и драгоценных камней",32.12.5,2022.0,0.23333333333333334
"Производство ювелирных изделий, медалей из драгоценных металлов и драгоценных камней",32.12.5,2023.0,
"Производство ювелирных изделий, медалей из драгоценных металлов и драгоценных камней",32.12.5,2024.0,0.0625
Изготовление ювелирных изделий и аналогичных изделий по индивидуальному заказу населения,32.12.6,2021.0,
Изготовление ювелирных изделий и аналогичных изделий по индивидуальному заказу населения,32.12.6,2022.0,
Изготовление ювелирных изделий и аналогичных изделий по индивидуальному заказу населения,32.12.6,2023.0,
Обработка янтаря и производство изделий из янтаря,32.12.7,2021.0,
Обработка янтаря и производство изделий из янтаря,32.12.7,2022.0,
Производство бижутерии и подобных товаров,32.13,2021.0,
Производство музыкальных инструментов,32.20,2023.0,
Производство спортивных товаров,32.30,2021.0,0.125
Производство спортивных товаров,32.30,2022.0,
Производство спортивных товаров,32.30,2023.0,
Производство спортивных товаров,32.30,2024.0,0.08333333333333333
Производство игр и игрушек,32.40,2021.0,0.05555555555555555
Производство игр и игрушек,32.40,2022.0,0.07142857142857142
Производство игр и игрушек,32.40,2023.0,
Производство игр и игрушек,32.40,2024.0,
Производство медицинских инструментов и оборудования,32.50,2021.0,0.012345679012345678
Производство медицинских инструментов и оборудования,32.50,2022.0,0.09411764705882353
Производство медицинских инструментов и оборудования,32.50,2023.0,0.05521472392638037
Производство медицинских инструментов и оборудования,32.50,2024.0,0.011627906976744186
"Производство изделий, не включенных в другие группировки",32.9,2021.0,0.014705882352941176
"Производство изделий, не включенных в другие группировки",32.9,2022.0,0.078125
"Производство изделий, не включенных в другие группировки",32.9,2023.0,0.0625
"Производство изделий, не включенных в другие группировки",32.9,2024.0,0.05263157894736842
Производство метел и щеток,32.91,2021.0,
Производство метел и щеток,32.91,2022.0,
Производство метел и щеток,32.91,2023.0,
Производство метел и щеток,32.91,2024.0,
"Производство прочих готовых изделий, не включенных в другие группировки",32.99,2021.0,0.015625
"Производство прочих готовых изделий, не включенных в другие группировки",32.99,2022.0,0.08196721311475409
"Производство прочих готовых изделий, не включенных в другие группировки",32.99,2023.0,0.06493506493506493
"Производство прочих готовых изделий, не включенных в другие группировки",32.99,2024.0,0.057971014492753624
Производство головных защитных уборов и прочих средств защиты,32.99.1,2021.0,0.125
Производство головных защитных уборов и прочих средств защиты,32.99.1,2022.0,0.14285714285714285
Производство головных защитных уборов и прочих средств защиты,32.99.1,2023.0,0.14285714285714285
Производство головных защитных уборов и прочих средств защиты,32.99.1,2024.0,0.125
Производство пишущих принадлежностей,32.99.2,2021.0,
Производство пишущих принадлежностей,32.99.2,2022.0,
Производство пишущих принадлежностей,32.99.2,2023.0,
Производство пишущих принадлежностей,32.99.2,2024.0,
"Производство изделий для праздников, карнавалов или прочих изделий для увеселения",32.99.6,2021.0,
"Производство изделий для праздников, карнавалов или прочих изделий для увеселения",32.99.6,2022.0,
"Производство изделий для праздников, карнавалов или прочих изделий для увеселения",32.99.6,2023.0,
"Производство приборов, аппаратуры и моделей, предназначенных для демонстрационных целей",32.99.7,2022.0,
Производство изделий народных художественных промыслов,32.99.8,2021.0,
Производство изделий народных художественных промыслов,32.99.8,2022.0,0.08695652173913043
Производство изделий народных художественных промыслов,32.99.8,2023.0,0.08
Производство изделий народных художественных промыслов,32.99.8,2024.0,0.038461538461538464
"Производство прочих изделий, не включенных в другие группировки",32.99.9,2021.0,
"Производство прочих изделий, не включенных в другие группировки",32.99.9,2022.0,0.09090909090909091
"Производство прочих изделий, не включенных в другие группировки",32.99.9,2023.0,0.05405405405405406
"Производство прочих изделий, не включенных в другие группировки",32.99.9,2024.0,0.06451612903225806
Ремонт и монтаж машин и оборудования,33,2021.0,0.034589252625077206
Ремонт и монтаж машин и оборудования,33,2022.0,0.03357004519044545
Ремонт и монтаж машин и оборудования,33,2023.0,0.015323117921385743
Ремонт и монтаж машин и оборудования,33,2024.0,0.02
"Ремонт и монтаж металлических изделий, машин и оборудования",33.1,2021.0,0.035807291666666664
"Ремонт и монтаж металлических изделий, машин и оборудования",33.1,2022.0,0.03319783197831978
"Ремонт и монтаж металлических изделий, машин и оборудования",33.1,2023.0,0.014757554462403373
"Ремонт и монтаж металлических изделий, машин и оборудования",33.1,2024.0,0.020499679692504803
Ремонт металлоизделий,33.11,2021.0,
Ремонт металлоизделий,33.11,2022.0,
Ремонт металлоизделий,33.11,2023.0,
Ремонт металлоизделий,33.11,2024.0,
Ремонт машин и оборудования,33.12,2021.0,0.027160493827160494
Ремонт машин и оборудования,33.12,2022.0,0.02064896755162242
Ремонт машин и оборудования,33.12,2023.0,0.007974481658692184
Ремонт машин и оборудования,33.12,2024.0,0.023564064801178203
Ремонт электронного и оптического оборудования,33.13,2021.0,0.022388059701492536
Ремонт электронного и оптического оборудования,33.13,2022.0,0.028169014084507043
Ремонт электронного и оптического оборудования,33.13,2023.0,0.0070921985815602835
Ремонт электронного и оптического оборудования,33.13,2024.0,0.005847953216374269
Ремонт электрического оборудования,33.14,2021.0,0.11224489795918367
Ремонт электрического оборудования,33.14,2022.0,0.06896551724137931
Ремонт электрического оборудования,33.14,2023.0,0.0078125
Ремонт электрического оборудования,33.14,2024.0,0.011235955056179775
Ремонт и техническое обслуживание судов и лодок,33.15,2021.0,0.024691358024691357
Ремонт и техническое обслуживание судов и лодок,33.15,2022.0,0.06578947368421052
Ремонт и техническое обслуживание судов и лодок,33.15,2023.0,0.0625
Ремонт и техническое обслуживание судов и лодок,33.15,2024.0,0.031746031746031744
"Ремонт и техническое обслуживание летательных аппаратов, включая космические",33.16,2021.0,
"Ремонт и техническое обслуживание летательных аппаратов, включая космические",33.16,2022.0,0.03333333333333333
"Ремонт и техническое обслуживание летательных аппаратов, включая космические",33.16,2023.0,0.008547008547008548
"Ремонт и техническое обслуживание летательных аппаратов, включая космические",33.16,2024.0,0.02459016393442623
Ремонт и техническое обслуживание прочих транспортных средств и оборудования,33.17,2021.0,0.03048780487804878
Ремонт и техническое обслуживание прочих транспортных средств и оборудования,33.17,2022.0,0.023529411764705882
Ремонт и техническое обслуживание прочих транспортных средств и оборудования,33.17,2023.0,0.03626943005181347
Ремонт и техническое обслуживание прочих транспортных средств и оборудования,33.17,2024.0,0.026905829596412557
Ремонт прочего оборудования,33.19,2021.0,0.058823529411764705
Ремонт прочего оборудования,33.19,2022.0,
Ремонт прочего оборудования,33.19,2023.0,0.09090909090909091
Ремонт прочего оборудования,33.19,2024.0,0.0625
Монтаж промышленных машин и оборудования,33.20,2021.0,0.012048192771084338
Монтаж промышленных машин и оборудования,33.20,2022.0,0.0410958904109589
Монтаж промышленных машин и оборудования,33.20,2023.0,0.02564102564102564
Монтаж промышленных машин и оборудования,33.20,2024.0,0.011235955056179775
"Обеспечение электрической энергией, газом и паром; кондиционирование воздуха",35,2021.0,0.04318272690923631
"Обеспечение электрической энергией, газом и паром; кондиционирование воздуха",35,2022.0,0.053741634556885014
"Обеспечение электрической энергией, газом и паром; кондиционирование воздуха",35,2023.0,0.05178928650811292
"Обеспечение электрической энергией, газом и паром; кондиционирование воздуха",35,2024.0,0.05530164533820841
"Производство, передача и распределение электроэнергии",35.1,2021.0,0.06053709604005462
"Производство, передача и распределение электроэнергии",35.1,2022.0,0.055381866904868245
"Производство, передача и распределение электроэнергии",35.1,2023.0,0.08780487804878048
"Производство, передача и распределение электроэнергии",35.1,2024.0,0.07961783439490445
Производство электроэнергии,35.11,2021.0,0.05306799336650083
Производство электроэнергии,35.11,2022.0,0.03531300160513644
Производство электроэнергии,35.11,2023.0,0.03531300160513644
Производство электроэнергии,35.11,2024.0,0.05067064083457526
"Производство электроэнергии тепловыми электростанциями, в том числе деятельность по обеспечению работоспособности электростанций",35.11.1,2021.0,0.05612244897959184
"Производство электроэнергии тепловыми электростанциями, в том числе деятельность по обеспечению работоспособности электростанций",35.11.1,2022.0,0.03357314148681055
"Производство электроэнергии тепловыми электростанциями, в том числе деятельность по обеспечению работоспособности электростанций",35.11.1,2023.0,0.041666666666666664
"Производство электроэнергии тепловыми электростанциями, в том числе деятельность по обеспечению работоспособности электростанций",35.11.1,2024.0,0.06326034063260341
"Производство электроэнергии гидроэлектростанциями, в том числе деятельность по обеспечению работоспособности электростанций",35.11.2,2021.0,0.045454545454545456
"Производство электроэнергии гидроэлектростанциями, в том числе деятельность по обеспечению работоспособности электростанций",35.11.2,2022.0,0.014705882352941176
"Производство электроэнергии гидроэлектростанциями, в том числе деятельность по обеспечению работоспособности электростанций",35.11.2,2023.0,
"Производство электроэнергии гидроэлектростанциями, в том числе деятельность по обеспечению работоспособности электростанций",35.11.2,2024.0,0.05128205128205128
"Производство электроэнергии атомными электростанциями, в том числе деятельность по обеспечению работоспособности электростанций",35.11.3,2021.0,0.11904761904761904
"Производство электроэнергии атомными электростанциями, в том числе деятельность по обеспечению работоспособности электростанций",35.11.3,2022.0,0.11627906976744186
"Производство электроэнергии атомными электростанциями, в том числе деятельность по обеспечению работоспособности электростанций",35.11.3,2023.0,0.0851063829787234
"Производство электроэнергии атомными электростанциями, в том числе деятельность по обеспечению работоспособности электростанций",35.11.3,2024.0,0.06818181818181818
"Производство электроэнергии, получаемой из возобновляемых источников энергии, включая выработанную солнечными, ветровыми, геотермальными электростанциями, в том числе деятельность по обеспечению их работоспособности",35.11.4,2021.0,0.015873015873015872
"Производство электроэнергии, получаемой из возобновляемых источников энергии, включая выработанную солнечными, ветровыми, геотермальными электростанциями, в том числе деятельность по обеспечению их работоспособности",35.11.4,2022.0,0.015873015873015872
"Производство электроэнергии, получаемой из возобновляемых источников энергии, включая выработанную солнечными, ветровыми, геотермальными электростанциями, в том числе деятельность по обеспечению их работоспособности",35.11.4,2023.0,0.010752688172043012
"Производство электроэнергии, получаемой из возобновляемых источников энергии, включая выработанную солнечными, ветровыми, геотермальными электростанциями, в том числе деятельность по обеспечению их работоспособности",35.11.4,2024.0,
Передача электроэнергии и технологическое присоединение к распределительным электросетям,35.12,2021.0,0.03537284894837476
Передача электроэнергии и технологическое присоединение к распределительным электросетям,35.12,2022.0,0.038314176245210725
Передача электроэнергии и технологическое присоединение к распределительным электросетям,35.12,2023.0,0.057352941176470586
Передача электроэнергии и технологическое присоединение к распределительным электросетям,35.12,2024.0,0.0243161094224924
Передача электроэнергии,35.12.1,2021.0,0.035789473684210524
Передача электроэнергии,35.12.1,2022.0,0.03751339764201501
Передача электроэнергии,35.12.1,2023.0,0.058333333333333334
Передача электроэнергии,35.12.1,2024.0,0.02443280977312391
Технологическое присоединение к распределительным электросетям,35.12.2,2021.0,
Технологическое присоединение к распределительным электросетям,35.12.2,2022.0,0.09375
Технологическое присоединение к распределительным электросетям,35.12.2,2023.0,0.10714285714285714
Технологическое присоединение к распределительным электросетям,35.12.2,2024.0,0.02702702702702703
Распределение электроэнергии,35.13,2021.0,0.012195121951219513
Распределение электроэнергии,35.13,2022.0,0.03067484662576687
Распределение электроэнергии,35.13,2023.0,0.41605839416058393
Распределение электроэнергии,35.13,2024.0,0.46564885496183206
Торговля электроэнергией,35.14,2021.0,0.16145833333333334
Торговля электроэнергией,35.14,2022.0,0.1393643031784841
Торговля электроэнергией,35.14,2023.0,0.10864197530864197
Торговля электроэнергией,35.14,2024.0,0.09198113207547169
Производство и распределение газообразного топлива,35.2,2021.0,0.02359882005899705
Производство и распределение газообразного топлива,35.2,2022.0,0.03672316384180791
Производство и распределение газообразного топлива,35.2,2023.0,0.02654867256637168
Производство и распределение газообразного топлива,35.2,2024.0,0.11692307692307692
Производство газа,35.21,2021.0,
Производство газа,35.21,2022.0,
Производство газа,35.21,2023.0,
Производство газа,35.21,2024.0,0.1
Распределение газообразного топлива по газораспределительным сетям,35.22,2021.0,0.0182648401826484
Распределение газообразного топлива по газораспределительным сетям,35.22,2022.0,0.03255813953488372
Распределение газообразного топлива по газораспределительным сетям,35.22,2023.0,0.023148148148148147
Распределение газообразного топлива по газораспределительным сетям,35.22,2024.0,0.04020100502512563
"Распределение природного, сухого (отбензиненного) газа по газораспределительным сетям",35.22.1,2021.0,
"Распределение природного, сухого (отбензиненного) газа по газораспределительным сетям",35.22.1,2022.0,
"Распределение природного, сухого (отбензиненного) газа по газораспределительным сетям",35.22.1,2023.0,
"Распределение природного, сухого (отбензиненного) газа по газораспределительным сетям",35.22.1,2024.0,
"Распределение природного, сухого (отбензиненного) газа по газораспределительным сетям по тарифам, регулируемым государством",35.22.11,2021.0,
"Распределение природного, сухого (отбензиненного) газа по газораспределительным сетям по тарифам, регулируемым государством",35.22.11,2022.0,
"Распределение природного, сухого (отбензиненного) газа по газораспределительным сетям по тарифам, регулируемым государством",35.22.11,2023.0,
"Распределение природного, сухого (отбензиненного) газа по газораспределительным сетям по тарифам, регулируемым государством",35.22.11,2024.0,
"Распределение природного, сухого (отбензиненного) газа по газораспределительным сетям по тарифам, не регулируемым государством",35.22.12,2022.0,
"Распределение природного, сухого (отбензиненного) газа по газораспределительным сетям по тарифам, не регулируемым государством",35.22.12,2023.0,
"Распределение природного, сухого (отбензиненного) газа по газораспределительным сетям по тарифам, не регулируемым государством",35.22.12,2024.0,
Распределение сжиженных углеводородных газов по газораспределительным сетям,35.22.2,2021.0,
Распределение сжиженных углеводородных газов по газораспределительным сетям,35.22.2,2022.0,
Распределение сжиженных углеводородных газов по газораспределительным сетям,35.22.2,2023.0,
Распределение сжиженных углеводородных газов по газораспределительным сетям,35.22.2,2024.0,
"Распределение сжиженных углеводородных газов по газораспределительным сетям по тарифам, регулируемым государством",35.22.21,2021.0,
"Распределение сжиженных углеводородных газов по газораспределительным сетям по тарифам, регулируемым государством",35.22.21,2022.0,
"Распределение сжиженных углеводородных газов по газораспределительным сетям по тарифам, регулируемым государством",35.22.21,2023.0,
"Распределение сжиженных углеводородных газов по газораспределительным сетям по тарифам, регулируемым государством",35.22.21,2024.0,
"Распределение сжиженных углеводородных газов по газораспределительным сетям по тарифам, не регулируемым государством",35.22.22,2021.0,
"Распределение сжиженных углеводородных газов по газораспределительным сетям по тарифам, не регулируемым государством",35.22.22,2022.0,
"Распределение сжиженных углеводородных газов по газораспределительным сетям по тарифам, не регулируемым государством",35.22.22,2023.0,
"Распределение сжиженных углеводородных газов по газораспределительным сетям по тарифам, не регулируемым государством",35.22.22,2024.0,
"Торговля газообразным топливом, подаваемым по распределительным сетям",35.23,2021.0,0.03418803418803419
"Торговля газообразным топливом, подаваемым по распределительным сетям",35.23,2022.0,0.04411764705882353
"Торговля газообразным топливом, подаваемым по распределительным сетям",35.23,2023.0,0.03418803418803419
"Торговля газообразным топливом, подаваемым по распределительным сетям",35.23,2024.0,0.25
"Торговля природным, сухим (отбензиненным) газом, подаваемым по распределительным сетям",35.23.1,2021.0,0.3333333333333333
"Торговля природным, сухим (отбензиненным) газом, подаваемым по распределительным сетям",35.23.1,2022.0,0.5
"Торговля природным, сухим (отбензиненным) газом, подаваемым по распределительным сетям",35.23.1,2023.0,0.5
"Торговля природным, сухим (отбензиненным) газом, подаваемым по распределительным сетям",35.23.1,2024.0,1.0
"Торговля природным, сухим (отбензиненным) газом, подаваемым по распределительным сетям по регулируемым государством ценам (тарифам)",35.23.11,2021.0,0.5
"Торговля природным, сухим (отбензиненным) газом, подаваемым по распределительным сетям по регулируемым государством ценам (тарифам)",35.23.11,2022.0,0.5
"Торговля природным, сухим (отбензиненным) газом, подаваемым по распределительным сетям по регулируемым государством ценам (тарифам)",35.23.11,2023.0,0.5
"Торговля природным, сухим (отбензиненным) газом, подаваемым по распределительным сетям по регулируемым государством ценам (тарифам)",35.23.11,2024.0,1.0
"Торговля сжиженными углеводородными газами, подаваемыми по распределительным сетям",35.23.2,2021.0,
"Торговля сжиженными углеводородными газами, подаваемыми по распределительным сетям",35.23.2,2022.0,
"Торговля сжиженными углеводородными газами, подаваемыми по распределительным сетям",35.23.2,2023.0,
"Торговля сжиженными углеводородными газами, подаваемыми по распределительным сетям по регулируемым государством ценам (тарифам)",35.23.21,2021.0,
"Торговля сжиженными углеводородными газами, подаваемыми по распределительным сетям по регулируемым государством ценам (тарифам)",35.23.21,2022.0,
"Торговля сжиженными углеводородными газами, подаваемыми по распределительным сетям по регулируемым государством ценам (тарифам)",35.23.21,2023.0,
"Производство, передача и распределение пара и горячей воды; кондиционирование воздуха",35.30,2021.0,0.030413625304136254
"Производство, передача и распределение пара и горячей воды; кондиционирование воздуха",35.30,2022.0,0.05474764756201882
"Производство, передача и распределение пара и горячей воды; кондиционирование воздуха",35.30,2023.0,0.02678185745140389
"Производство, передача и распределение пара и горячей воды; кондиционирование воздуха",35.30,2024.0,0.024919243193354867
Производство пара и горячей воды (тепловой энергии),35.30.1,2021.0,0.029789419619928096
Производство пара и горячей воды (тепловой энергии),35.30.1,2022.0,0.05654281098546042
Производство пара и горячей воды (тепловой энергии),35.30.1,2023.0,0.026775956284153007
Производство пара и горячей воды (тепловой энергии),35.30.1,2024.0,0.02441860465116279
Производство пара и горячей воды (тепловой энергии) тепловыми электростанциями,35.30.11,2021.0,0.023529411764705882
Производство пара и горячей воды (тепловой энергии) тепловыми электростанциями,35.30.11,2022.0,0.06593406593406594
Производство пара и горячей воды (тепловой энергии) тепловыми электростанциями,35.30.11,2023.0,0.01904761904761905
Производство пара и горячей воды (тепловой энергии) тепловыми электростанциями,35.30.11,2024.0,0.03278688524590164
Производство пара и горячей воды (тепловой энергии) атомными электростанциями,35.30.12,2021.0,
Производство пара и горячей воды (тепловой энергии) прочими электростанциями и промышленными блок-станциями,35.30.13,2021.0,
Производство пара и горячей воды (тепловой энергии) прочими электростанциями и промышленными блок-станциями,35.30.13,2022.0,
Производство пара и горячей воды (тепловой энергии) прочими электростанциями и промышленными блок-станциями,35.30.13,2023.0,
Производство пара и горячей воды (тепловой энергии) прочими электростанциями и промышленными блок-станциями,35.30.13,2024.0,
Производство пара и горячей воды (тепловой энергии) котельными,35.30.14,2021.0,0.03056768558951965
Производство пара и горячей воды (тепловой энергии) котельными,35.30.14,2022.0,0.05638665132336018
Производство пара и горячей воды (тепловой энергии) котельными,35.30.14,2023.0,0.026470588235294117
Производство пара и горячей воды (тепловой энергии) котельными,35.30.14,2024.0,0.024065864471184292
Производство охлажденной воды или льда (натурального из воды) для целей охлаждения,35.30.15,2021.0,
Передача пара и горячей воды (тепловой энергии),35.30.2,2021.0,0.021897810218978103
Передача пара и горячей воды (тепловой энергии),35.30.2,2022.0,0.051470588235294115
Передача пара и горячей воды (тепловой энергии),35.30.2,2023.0,0.03787878787878788
Передача пара и горячей воды (тепловой энергии),35.30.2,2024.0,0.008403361344537815
Распределение пара и горячей воды (тепловой энергии),35.30.3,2021.0,0.023529411764705882
Распределение пара и горячей воды (тепловой энергии),35.30.3,2022.0,0.036585365853658534
Распределение пара и горячей воды (тепловой энергии),35.30.3,2023.0,0.018633540372670808
Распределение пара и горячей воды (тепловой энергии),35.30.3,2024.0,0.03424657534246575
Обеспечение работоспособности котельных,35.30.4,2021.0,0.0379746835443038
Обеспечение работоспособности котельных,35.30.4,2022.0,0.1044776119402985
Обеспечение работоспособности котельных,35.30.4,2023.0,0.015873015873015872
Обеспечение работоспособности котельных,35.30.4,2024.0,0.017857142857142856
Обеспечение работоспособности тепловых сетей,35.30.5,2021.0,0.08
Обеспечение работоспособности тепловых сетей,35.30.5,2022.0,0.05263157894736842
Обеспечение работоспособности тепловых сетей,35.30.5,2023.0,0.046511627906976744
Обеспечение работоспособности тепловых сетей,35.30.5,2024.0,0.09090909090909091
Торговля паром и горячей водой (тепловой энергией),35.30.6,2021.0,
Торговля паром и горячей водой (тепловой энергией),35.30.6,2022.0,
Торговля паром и горячей водой (тепловой энергией),35.30.6,2023.0,
Торговля паром и горячей водой (тепловой энергией),35.30.6,2024.0,0.08333333333333333
"Забор, очистка и распределение воды",36.00,2021.0,0.039301310043668124
"Забор, очистка и распределение воды",36.00,2022.0,0.07977386934673367
"Забор, очистка и распределение воды",36.00,2023.0,0.04659717964438995
"Забор, очистка и распределение воды",36.00,2024.0,0.042791310072416065
Забор и очистка воды для питьевых и промышленных нужд,36.00.1,2021.0,0.05755395683453238
Забор и очистка воды для питьевых и промышленных нужд,36.00.1,2022.0,0.08083140877598152
Забор и очистка воды для питьевых и промышленных нужд,36.00.1,2023.0,0.05591397849462366
Забор и очистка воды для питьевых и промышленных нужд,36.00.1,2024.0,0.046610169491525424
Распределение воды для питьевых и промышленных нужд,36.00.2,2021.0,0.033170731707317075
Распределение воды для питьевых и промышленных нужд,36.00.2,2022.0,0.08571428571428572
Распределение воды для питьевых и промышленных нужд,36.00.2,2023.0,0.04536290322580645
Распределение воды для питьевых и промышленных нужд,36.00.2,2024.0,0.04223744292237443
Сбор и обработка сточных вод,37.00,2021.0,0.04590163934426229
Сбор и обработка сточных вод,37.00,2022.0,0.0625
Сбор и обработка сточных вод,37.00,2023.0,0.0429042904290429
Сбор и обработка сточных вод,37.00,2024.0,0.03323262839879154
"Сбор, обработка и утилизация отходов; обработка вторичного сырья",38,2021.0,0.03474484256243214
"Сбор, обработка и утилизация отходов; обработка вторичного сырья",38,2022.0,0.05263157894736842
"Сбор, обработка и утилизация отходов; обработка вторичного сырья",38,2023.0,0.03715170278637771
"Сбор, обработка и утилизация отходов; обработка вторичного сырья",38,2024.0,0.03512396694214876
Сбор отходов,38.1,2021.0,0.04156479217603912
Сбор отходов,38.1,2022.0,0.06018518518518518
Сбор отходов,38.1,2023.0,0.047311827956989246
Сбор отходов,38.1,2024.0,0.023696682464454975
Сбор неопасных отходов,38.11,2021.0,0.043478260869565216
Сбор неопасных отходов,38.11,2022.0,0.06770833333333333
Сбор неопасных отходов,38.11,2023.0,0.05459057071960298
Сбор неопасных отходов,38.11,2024.0,0.025210084033613446
Сбор опасных отходов,38.12,2021.0,0.024390243902439025
Сбор опасных отходов,38.12,2022.0,
Сбор опасных отходов,38.12,2023.0,
Сбор опасных отходов,38.12,2024.0,0.015384615384615385
Обработка и утилизация отходов,38.2,2021.0,0.04838709677419355
Обработка и утилизация отходов,38.2,2022.0,0.07575757575757576
Обработка и утилизация отходов,38.2,2023.0,0.02702702702702703
Обработка и утилизация отходов,38.2,2024.0,0.05555555555555555
Обработка и утилизация неопасных отходов,38.21,2021.0,0.08196721311475409
Обработка и утилизация неопасных отходов,38.21,2022.0,0.078125
Обработка и утилизация неопасных отходов,38.21,2023.0,0.023809523809523808
Обработка и утилизация неопасных отходов,38.21,2024.0,0.0297029702970297
Захоронение неопасных отходов,38.21.2,2024.0,
Обработка и утилизация опасных отходов,38.22,2021.0,0.015873015873015872
Обработка и утилизация опасных отходов,38.22,2022.0,0.07352941176470588
Обработка и утилизация опасных отходов,38.22,2023.0,0.03125
Обработка и утилизация опасных отходов,38.22,2024.0,0.09836065573770492
Обработка и утилизация радиоактивных отходов,38.22.1,2021.0,0.03333333333333333
Обработка и утилизация радиоактивных отходов,38.22.1,2022.0,0.09090909090909091
Обработка и утилизация радиоактивных отходов,38.22.1,2023.0,0.03333333333333333
Обработка и утилизация радиоактивных отходов,38.22.1,2024.0,0.06666666666666667
Деятельность по обращению с отработавшим ядерным топливом,38.22.11,2021.0,0.5
Деятельность по обращению с отработавшим ядерным топливом,38.22.11,2022.0,0.5
Деятельность по обращению с отработавшим ядерным топливом,38.22.11,2023.0,0.5
Деятельность по обращению с отработавшим ядерным топливом,38.22.11,2024.0,0.5
Деятельность по обращению с удаляемыми радиоактивными отходами,38.22.13,2021.0,
Деятельность по обращению с удаляемыми радиоактивными отходами,38.22.13,2022.0,0.06451612903225806
Деятельность по обращению с удаляемыми радиоактивными отходами,38.22.13,2023.0,
Деятельность по обращению с удаляемыми радиоактивными отходами,38.22.13,2024.0,
"Обработка и утилизация опасных отходов прочих, не включенных в другие группировки",38.22.9,2021.0,
"Обработка и утилизация опасных отходов прочих, не включенных в другие группировки",38.22.9,2022.0,0.05263157894736842
"Обработка и утилизация опасных отходов прочих, не включенных в другие группировки",38.22.9,2023.0,
"Обработка и утилизация опасных отходов прочих, не включенных в другие группировки",38.22.9,2024.0,0.09523809523809523
Деятельность по обработке вторичного сырья,38.3,2021.0,0.023195876288659795
Деятельность по обработке вторичного сырья,38.3,2022.0,0.037037037037037035
Деятельность по обработке вторичного сырья,38.3,2023.0,0.028089887640449437
Деятельность по обработке вторичного сырья,38.3,2024.0,0.0390625
"Демонтаж техники, не подлежащей восстановлению",38.31,2022.0,
"Демонтаж техники, не подлежащей восстановлению",38.31,2024.0,
Утилизация отсортированных материалов,38.32,2021.0,0.023195876288659795
Утилизация отсортированных материалов,38.32,2022.0,0.03712871287128713
Утилизация отсортированных материалов,38.32,2023.0,0.028089887640449437
Утилизация отсортированных материалов,38.32,2024.0,0.03926701570680628
Сортировка материалов для дальнейшего использования,38.32.1,2023.0,0.6666666666666666
Сортировка материалов для дальнейшего использования,38.32.1,2024.0,0.6666666666666666
Сортировка металлических материалов для дальнейшего использования,38.32.11,2023.0,0.6666666666666666
Сортировка металлических материалов для дальнейшего использования,38.32.11,2024.0,1.0
Обработка отходов и лома драгоценных металлов,38.32.2,2021.0,
Обработка отходов и лома драгоценных металлов,38.32.2,2022.0,
Обработка отходов и лома драгоценных металлов,38.32.2,2023.0,
Обработка (переработка) лома и отходов драгоценных металлов,38.32.2,2024.0,0.1111111111111111
Обработка отходов и лома черных металлов,38.32.3,2021.0,0.027972027972027972
Обработка отходов и лома черных металлов,38.32.3,2022.0,0.03680981595092025
Обработка отходов и лома черных металлов,38.32.3,2023.0,0.015267175572519083
"Заготовка, хранение, переработка и реализация лома и отходов черных металлов",38.32.3,2024.0,0.03557312252964427
Обработка отходов и лома цветных металлов,38.32.4,2021.0,0.015873015873015872
Обработка отходов и лома цветных металлов,38.32.4,2022.0,0.05714285714285714
Обработка отходов и лома цветных металлов,38.32.4,2023.0,0.044444444444444446
"Заготовка, хранение, переработка и реализация лома и отходов цветных металлов",38.32.4,2024.0,0.02564102564102564
"Обработка отходов и лома металлов, содержащих медь",38.32.41,2021.0,0.05263157894736842
"Обработка отходов и лома металлов, содержащих медь",38.32.41,2022.0,
"Обработка отходов и лома металлов, содержащих медь",38.32.41,2023.0,0.1111111111111111
"Заготовка, хранение, переработка и реализация лома и отходов металлов, содержащих медь",38.32.41,2024.0,0.16666666666666666
"Обработка отходов и лома металлов, содержащих никель",38.32.42,2021.0,
"Обработка отходов и лома металлов, содержащих никель",38.32.42,2022.0,
"Обработка отходов и лома металлов, содержащих никель",38.32.42,2023.0,
"Заготовка, хранение, переработка и реализация лома и отходов металлов, содержащих никель",38.32.42,2024.0,
"Обработка отходов и лома металлов, содержащих алюминий",38.32.43,2021.0,
"Обработка отходов и лома металлов, содержащих алюминий",38.32.43,2022.0,
"Обработка отходов и лома металлов, содержащих алюминий",38.32.43,2023.0,
"Заготовка, хранение, переработка и реализация лома и отходов металлов, содержащих алюминий",38.32.43,2024.0,
"Обработка вторичного сырья, содержащего прочие цветные металлы",38.32.49,2021.0,
"Обработка вторичного сырья, содержащего прочие цветные металлы",38.32.49,2022.0,
"Обработка вторичного сырья, содержащего прочие цветные металлы",38.32.49,2023.0,
"Заготовка, хранение, переработка и реализация лома и отходов, содержащих прочие цветные металлы",38.32.49,2024.0,
Обработка вторичного неметаллического сырья,38.32.5,2021.0,
Обработка вторичного неметаллического сырья,38.32.5,2022.0,0.043478260869565216
Утилизация вторичных неметаллических ресурсов во вторичное сырье,38.32.5,2023.0,0.08333333333333333
Утилизация вторичных неметаллических ресурсов во вторичное сырье,38.32.5,2024.0,0.03333333333333333
Обработка отходов и лома стекла,38.32.51,2021.0,
Обработка отходов и лома стекла,38.32.51,2022.0,
Утилизация отходов и лома стекла во вторичное сырье,38.32.51,2024.0,
Обработка отходов бумаги и картона,38.32.52,2021.0,
Обработка отходов бумаги и картона,38.32.52,2022.0,0.25
Утилизация отходов бумаги и картона во вторичное сырье,38.32.52,2023.0,0.3333333333333333
Утилизация отходов бумаги и картона во вторичное сырье,38.32.52,2024.0,
Обработка отходов и лома пластмасс,38.32.53,2021.0,
Обработка отходов и лома пластмасс,38.32.53,2022.0,
Утилизация отходов и лома пластмасс во вторичное сырье,38.32.53,2023.0,
Утилизация отходов и лома пластмасс во вторичное сырье,38.32.53,2024.0,
Обработка отходов резины,38.32.54,2021.0,
Обработка отходов резины,38.32.54,2022.0,
Утилизация отходов резины во вторичное сырье,38.32.54,2023.0,
Утилизация отходов резины во вторичное сырье,38.32.54,2024.0,
Утилизация отходов текстильных материалов во вторичное сырье,38.32.55,2023.0,
Утилизация отходов текстильных материалов во вторичное сырье,38.32.55,2024.0,
Обработка прочего вторичного неметаллического сырья,38.32.59,2021.0,
Обработка прочего вторичного неметаллического сырья,38.32.59,2022.0,
Утилизация прочих вторичных неметаллических ресурсов во вторичное сырье,38.32.59,2023.0,
Утилизация прочих вторичных неметаллических ресурсов во вторичное сырье,38.32.59,2024.0,0.1111111111111111
"Предоставление услуг в области ликвидации последствий загрязнений и прочих услуг, связанных с удалением отходов",39.00,2021.0,0.017857142857142856
"Предоставление услуг в области ликвидации последствий загрязнений и прочих услуг, связанных с удалением отходов",39.00,2022.0,0.03278688524590164
"Предоставление услуг в области ликвидации последствий загрязнений и прочих услуг, связанных с удалением отходов",39.00,2023.0,0.014705882352941176
"Предоставление услуг в области ликвидации последствий загрязнений и прочих услуг, связанных с удалением отходов",39.00,2024.0,
Строительство зданий,41,2021.0,0.025650557620817842
Строительство зданий,41,2022.0,0.062245276028158575
Строительство зданий,41,2023.0,0.029947916666666668
Строительство зданий,41,2024.0,0.023503689532659196
Разработка строительных проектов,41.10,2021.0,
Разработка строительных проектов,41.10,2022.0,0.02857142857142857
Разработка строительных проектов,41.10,2023.0,
Разработка строительных проектов,41.10,2024.0,
Строительство жилых и нежилых зданий,41.20,2021.0,0.026018099547511313
Строительство жилых и нежилых зданий,41.20,2022.0,0.06268768768768769
Строительство жилых и нежилых зданий,41.20,2023.0,0.030263157894736843
Строительство жилых и нежилых зданий,41.20,2024.0,0.023809523809523808
Прочие виды строительства жилых и нежилых зданий,41.20.9,2024.0,
Строительство инженерных сооружений,42,2021.0,0.019307211811470756
Строительство инженерных сооружений,42,2022.0,0.04639737991266375
Строительство инженерных сооружений,42,2023.0,0.03458646616541353
Строительство инженерных сооружений,42,2024.0,0.027102803738317756
Строительство автомобильных и железных дорог,42.1,2021.0,0.019978969505783387
Строительство автомобильных и железных дорог,42.1,2022.0,0.053643724696356275
Строительство автомобильных и железных дорог,42.1,2023.0,0.03002729754322111
Строительство автомобильных и железных дорог,42.1,2024.0,0.030278232405891982
Строительство автомобильных дорог и автомагистралей,42.11,2021.0,0.02135678391959799
Строительство автомобильных дорог и автомагистралей,42.11,2022.0,0.055
Строительство автомобильных дорог и автомагистралей,42.11,2023.0,0.029017857142857144
Строительство автомобильных дорог и автомагистралей,42.11,2024.0,0.028925619834710745
Строительство железных дорог и метро,42.12,2021.0,0.015151515151515152
Строительство железных дорог и метро,42.12,2022.0,0.07142857142857142
Строительство железных дорог и метро,42.12,2023.0,0.02857142857142857
Строительство железных дорог и метро,42.12,2024.0,0.009523809523809525
Строительство мостов и тоннелей,42.13,2021.0,0.011235955056179775
Строительство мостов и тоннелей,42.13,2022.0,0.03389830508474576
Строительство мостов и тоннелей,42.13,2023.0,0.03759398496240601
Строительство мостов и тоннелей,42.13,2024.0,0.053691275167785234
Строительство инженерных коммуникаций,42.2,2021.0,0.020066889632107024
Строительство инженерных коммуникаций,42.2,2022.0,0.03365384615384615
Строительство инженерных коммуникаций,42.2,2023.0,0.048484848484848485
Строительство инженерных коммуникаций,42.2,2024.0,0.024242424242424242
"Строительство инженерных коммуникаций для водоснабжения и водоотведения, газоснабжения",42.21,2021.0,0.02077922077922078
"Строительство инженерных коммуникаций для водоснабжения и водоотведения, газоснабжения",42.21,2022.0,0.03194103194103194
"Строительство инженерных коммуникаций для водоснабжения и водоотведения, газоснабжения",42.21,2023.0,0.05442176870748299
"Строительство инженерных коммуникаций для водоснабжения и водоотведения, газоснабжения",42.21,2024.0,0.02586206896551724
Строительство коммунальных объектов для обеспечения электроэнергией и телекоммуникациями,42.22,2021.0,0.018779342723004695
Строительство коммунальных объектов для обеспечения электроэнергией и телекоммуникациями,42.22,2022.0,0.03686635944700461
Строительство коммунальных объектов для обеспечения электроэнергией и телекоммуникациями,42.22,2023.0,0.0365296803652968
Строительство коммунальных объектов для обеспечения электроэнергией и телекоммуникациями,42.22,2024.0,0.02040816326530612
Строительство междугородних линий электропередачи и связи,42.22.1,2021.0,0.010526315789473684
Строительство междугородних линий электропередачи и связи,42.22.1,2022.0,0.02857142857142857
Строительство междугородних линий электропередачи и связи,42.22.1,2023.0,0.04040404040404041
Строительство междугородних линий электропередачи и связи,42.22.1,2024.0,0.015625
Строительство местных линий электропередачи и связи,42.22.2,2021.0,
Строительство местных линий электропередачи и связи,42.22.2,2022.0,0.05555555555555555
Строительство местных линий электропередачи и связи,42.22.2,2023.0,0.075
Строительство местных линий электропередачи и связи,42.22.2,2024.0,0.022727272727272728
Строительство электростанций,42.22.3,2021.0,0.015151515151515152
Строительство электростанций,42.22.3,2022.0,0.015625
Строительство электростанций,42.22.3,2023.0,0.017857142857142856
Строительство электростанций,42.22.3,2024.0,0.03333333333333333
Строительство прочих инженерных сооружений,42.9,2021.0,0.014150943396226415
Строительство прочих инженерных сооружений,42.9,2022.0,0.05
Строительство прочих инженерных сооружений,42.9,2023.0,0.01694915254237288
Строительство прочих инженерных сооружений,42.9,2024.0,0.01937984496124031
Строительство водных сооружений,42.91,2021.0,
Строительство водных сооружений,42.91,2022.0,0.08
Строительство водных сооружений,42.91,2023.0,0.0196078431372549
Строительство водных сооружений,42.91,2024.0,0.02631578947368421
Строительство портовых сооружений,42.91.1,2021.0,
Строительство портовых сооружений,42.91.1,2022.0,
Строительство портовых сооружений,42.91.1,2023.0,
Строительство портовых сооружений,42.91.1,2024.0,
Строительство гидротехнических сооружений,42.91.2,2021.0,
Строительство гидротехнических сооружений,42.91.2,2022.0,0.0967741935483871
Строительство гидротехнических сооружений,42.91.2,2023.0,0.022222222222222223
Строительство гидротехнических сооружений,42.91.2,2024.0,0.04878048780487805
Строительство ирригационных систем,42.91.3,2021.0,
Строительство ирригационных систем,42.91.3,2024.0,
"Производство дноочистительных, дноуглубительных и берегоукрепительных работ",42.91.4,2021.0,
"Производство дноочистительных, дноуглубительных и берегоукрепительных работ",42.91.4,2022.0,0.16666666666666666
"Производство дноочистительных, дноуглубительных и берегоукрепительных работ",42.91.4,2023.0,0.045454545454545456
"Производство дноочистительных, дноуглубительных и берегоукрепительных работ",42.91.4,2024.0,
"Производство подводных работ, включая водолазные",42.91.5,2021.0,
"Производство подводных работ, включая водолазные",42.91.5,2022.0,
"Производство подводных работ, включая водолазные",42.91.5,2023.0,
"Производство подводных работ, включая водолазные",42.91.5,2024.0,0.07142857142857142
"Строительство прочих инженерных сооружений, не включенных в другие группировки",42.99,2021.0,0.022900763358778626
"Строительство прочих инженерных сооружений, не включенных в другие группировки",42.99,2022.0,0.034482758620689655
"Строительство прочих инженерных сооружений, не включенных в другие группировки",42.99,2023.0,0.014925373134328358
"Строительство прочих инженерных сооружений, не включенных в другие группировки",42.99,2024.0,0.013888888888888888
Работы строительные специализированные,43,2021.0,0.03147268408551069
Работы строительные специализированные,43,2022.0,0.04431137724550898
Работы строительные специализированные,43,2023.0,0.030062393647192286
Работы строительные специализированные,43,2024.0,0.030365414307771486
"Разборка и снос зданий, подготовка строительного участка",43.1,2021.0,0.02072538860103627
"Разборка и снос зданий, подготовка строительного участка",43.1,2022.0,0.022670025188916875
"Разборка и снос зданий, подготовка строительного участка",43.1,2023.0,0.02512562814070352
"Разборка и снос зданий, подготовка строительного участка",43.1,2024.0,0.027972027972027972
Разборка и снос зданий,43.11,2021.0,0.03636363636363636
Разборка и снос зданий,43.11,2022.0,0.04054054054054054
Разборка и снос зданий,43.11,2023.0,0.0425531914893617
Разборка и снос зданий,43.11,2024.0,0.0641025641025641
Подготовка строительной площадки,43.12,2021.0,0.015037593984962405
Подготовка строительной площадки,43.12,2022.0,0.014184397163120567
Подготовка строительной площадки,43.12,2023.0,0.02280130293159609
Подготовка строительной площадки,43.12,2024.0,0.019672131147540985
Расчистка территории строительной площадки,43.12.1,2021.0,
Расчистка территории строительной площадки,43.12.1,2022.0,0.022727272727272728
Расчистка территории строительной площадки,43.12.1,2023.0,0.061224489795918366
Расчистка территории строительной площадки,43.12.1,2024.0,0.041666666666666664
"Производство дренажных работ на сельскохозяйственных землях, землях лесных территорий, а также на строительных площадках",43.12.2,2021.0,
"Производство дренажных работ на сельскохозяйственных землях, землях лесных территорий, а также на строительных площадках",43.12.2,2022.0,
"Производство дренажных работ на сельскохозяйственных землях, землях лесных территорий, а также на строительных площадках",43.12.2,2024.0,
Производство земляных работ,43.12.3,2021.0,0.023076923076923078
Производство земляных работ,43.12.3,2022.0,0.022388059701492536
Производство земляных работ,43.12.3,2023.0,0.022222222222222223
Производство земляных работ,43.12.3,2024.0,0.008695652173913044
"Подготовка участка к разработке и добыче полезных ископаемых, за исключением нефтяных и газовых участков",43.12.4,2021.0,
"Подготовка участка к разработке и добыче полезных ископаемых, за исключением нефтяных и газовых участков",43.12.4,2022.0,
"Подготовка участка к разработке и добыче полезных ископаемых, за исключением нефтяных и газовых участков",43.12.4,2023.0,0.010309278350515464
"Подготовка участка к разработке и добыче полезных ископаемых, за исключением нефтяных и газовых участков",43.12.4,2024.0,0.02040816326530612
Разведочное бурение,43.13,2021.0,0.03076923076923077
Разведочное бурение,43.13,2022.0,0.04878048780487805
Разведочное бурение,43.13,2023.0,0.022727272727272728
Разведочное бурение,43.13,2024.0,0.021739130434782608
"Производство электромонтажных, санитарно-технических и прочих строительно-монтажных работ",43.2,2021.0,0.04239401496259352
"Производство электромонтажных, санитарно-технических и прочих строительно-монтажных работ",43.2,2022.0,0.05256723716381418
"Производство электромонтажных, санитарно-технических и прочих строительно-монтажных работ",43.2,2023.0,0.03271028037383177
"Производство электромонтажных, санитарно-технических и прочих строительно-монтажных работ",43.2,2024.0,0.03563941299790356
Производство электромонтажных работ,43.21,2021.0,0.03167420814479638
Производство электромонтажных работ,43.21,2022.0,0.06753812636165578
Производство электромонтажных работ,43.21,2023.0,0.0457516339869281
Производство электромонтажных работ,43.21,2024.0,0.04119850187265917
"Производство санитарно-технических работ, монтаж отопительных систем и систем кондиционирования воздуха",43.22,2021.0,0.088
"Производство санитарно-технических работ, монтаж отопительных систем и систем кондиционирования воздуха",43.22,2022.0,0.04918032786885246
"Производство санитарно-технических работ, монтаж отопительных систем и систем кондиционирования воздуха",43.22,2023.0,0.026845637583892617
"Производство санитарно-технических работ, монтаж отопительных систем и систем кондиционирования воздуха",43.22,2024.0,0.037267080745341616
Производство прочих строительно-монтажных работ,43.29,2021.0,0.03829787234042553
Производство прочих строительно-монтажных работ,43.29,2022.0,0.02531645569620253
Производство прочих строительно-монтажных работ,43.29,2023.0,0.012096774193548387
Производство прочих строительно-монтажных работ,43.29,2024.0,0.023166023166023165
Работы строительные отделочные,43.3,2021.0,0.0375
Работы строительные отделочные,43.3,2022.0,0.08
Работы строительные отделочные,43.3,2023.0,0.04878048780487805
Работы строительные отделочные,43.3,2024.0,0.011764705882352941
Производство штукатурных работ,43.31,2021.0,0.05555555555555555
Производство штукатурных работ,43.31,2022.0,0.1875
Производство штукатурных работ,43.31,2023.0,0.1111111111111111
Производство штукатурных работ,43.31,2024.0,
Работы столярные и плотничные,43.32,2021.0,
Работы столярные и плотничные,43.32,2022.0,
Работы столярные и плотничные,43.32,2023.0,0.06666666666666667
Работы столярные и плотничные,43.32,2024.0,0.1
"Установка дверей (кроме автоматических и вращающихся), окон, дверных и оконных рам из дерева или прочих материалов",43.32.1,2021.0,
"Установка дверей (кроме автоматических и вращающихся), окон, дверных и оконных рам из дерева или прочих материалов",43.32.1,2022.0,
"Установка дверей (кроме автоматических и вращающихся), окон, дверных и оконных рам из дерева или прочих материалов",43.32.1,2023.0,
"Установка дверей (кроме автоматических и вращающихся), окон, дверных и оконных рам из дерева или прочих материалов",43.32.1,2024.0,0.5
"Работы по установке внутренних лестниц, встроенных шкафов, встроенного кухонного оборудования",43.32.2,2021.0,
"Работы по установке внутренних лестниц, встроенных шкафов, встроенного кухонного оборудования",43.32.2,2022.0,
"Работы по установке внутренних лестниц, встроенных шкафов, встроенного кухонного оборудования",43.32.2,2023.0,
"Работы по установке внутренних лестниц, встроенных шкафов, встроенного кухонного оборудования",43.32.2,2024.0,
"Производство работ по внутренней отделке зданий (включая потолки, раздвижные и съемные перегородки и т.д.)",43.32.3,2021.0,
"Производство работ по внутренней отделке зданий (включая потолки, раздвижные и съемные перегородки и т.д.)",43.32.3,2022.0,
"Производство работ по внутренней отделке зданий (включая потолки, раздвижные и съемные перегородки и т.д.)",43.32.3,2023.0,
"Производство работ по внутренней отделке зданий (включая потолки, раздвижные и съемные перегородки и т.д.)",43.32.3,2024.0,
Работы по устройству покрытий полов и облицовке стен,43.33,2021.0,0.1
Работы по устройству покрытий полов и облицовке стен,43.33,2022.0,
Работы по устройству покрытий полов и облицовке стен,43.33,2023.0,
Работы по устройству покрытий полов и облицовке стен,43.33,2024.0,
Производство малярных и стекольных работ,43.34,2021.0,
Производство малярных и стекольных работ,43.34,2022.0,0.08333333333333333
Производство малярных и стекольных работ,43.34,2023.0,
Производство малярных и стекольных работ,43.34,2024.0,
Производство малярных работ,43.34.1,2021.0,
Производство малярных работ,43.34.1,2022.0,
Производство малярных работ,43.34.1,2023.0,
Производство малярных работ,43.34.1,2024.0,
Производство стекольных работ,43.34.2,2021.0,
Производство стекольных работ,43.34.2,2022.0,1.0
Производство стекольных работ,43.34.2,2023.0,
Производство прочих отделочных и завершающих работ,43.39,2021.0,0.03571428571428571
Производство прочих отделочных и завершающих работ,43.39,2022.0,0.08333333333333333
Производство прочих отделочных и завершающих работ,43.39,2023.0,0.03333333333333333
Производство прочих отделочных и завершающих работ,43.39,2024.0,
Работы строительные специализированные прочие,43.9,2021.0,0.019230769230769232
Работы строительные специализированные прочие,43.9,2022.0,0.042105263157894736
Работы строительные специализированные прочие,43.9,2023.0,0.02576112412177986
Работы строительные специализированные прочие,43.9,2024.0,0.02526315789473684
Производство кровельных работ,43.91,2021.0,
Производство кровельных работ,43.91,2022.0,
Производство кровельных работ,43.91,2023.0,
Производство кровельных работ,43.91,2024.0,
"Работы строительные специализированные прочие, не включенные в другие группировки",43.99,2021.0,0.0196078431372549
"Работы строительные специализированные прочие, не включенные в другие группировки",43.99,2022.0,0.0427807486631016
"Работы строительные специализированные прочие, не включенные в другие группировки",43.99,2023.0,0.026378896882494004
"Работы строительные специализированные прочие, не включенные в другие группировки",43.99,2024.0,0.026200873362445413
Работы гидроизоляционные,43.99.1,2021.0,
Работы гидроизоляционные,43.99.1,2022.0,0.12
Работы гидроизоляционные,43.99.1,2023.0,
Работы гидроизоляционные,43.99.1,2024.0,0.047619047619047616
Работы по установке строительных лесов и подмостей,43.99.2,2021.0,
Работы по установке строительных лесов и подмостей,43.99.2,2022.0,
Работы по установке строительных лесов и подмостей,43.99.2,2023.0,
Работы по установке строительных лесов и подмостей,43.99.2,2024.0,
Работы свайные и работы по строительству фундаментов,43.99.3,2021.0,
Работы свайные и работы по строительству фундаментов,43.99.3,2022.0,0.1111111111111111
Работы свайные и работы по строительству фундаментов,43.99.3,2023.0,0.1
Работы свайные и работы по строительству фундаментов,43.99.3,2024.0,
Работы бетонные и железобетонные,43.99.4,2021.0,
Работы бетонные и железобетонные,43.99.4,2022.0,0.09090909090909091
Работы бетонные и железобетонные,43.99.4,2023.0,
Работы бетонные и железобетонные,43.99.4,2024.0,
Работы по монтажу стальных строительных конструкций,43.99.5,2021.0,
Работы по монтажу стальных строительных конструкций,43.99.5,2022.0,0.06666666666666667
Работы по монтажу стальных строительных конструкций,43.99.5,2023.0,0.05970149253731343
Работы по монтажу стальных строительных конструкций,43.99.5,2024.0,0.05714285714285714
Работы каменные и кирпичные,43.99.6,2021.0,
Работы каменные и кирпичные,43.99.6,2022.0,
Работы каменные и кирпичные,43.99.6,2023.0,
Работы каменные и кирпичные,43.99.6,2024.0,
Работы по сборке и монтажу сборных конструкций,43.99.7,2021.0,0.030303030303030304
Работы по сборке и монтажу сборных конструкций,43.99.7,2022.0,0.017857142857142856
Работы по сборке и монтажу сборных конструкций,43.99.7,2023.0,
Работы по сборке и монтажу сборных конструкций,43.99.7,2024.0,0.07317073170731707
"Работы строительные специализированные, не включенные в другие группировки",43.99.9,2021.0,0.03164556962025317
"Работы строительные специализированные, не включенные в другие группировки",43.99.9,2022.0,0.01875
"Работы строительные специализированные, не включенные в другие группировки",43.99.9,2023.0,0.016216216216216217
"Работы строительные специализированные, не включенные в другие группировки",43.99.9,2024.0,0.008695652173913044
Торговля оптовая и розничная автотранспортными средствами и мотоциклами и их ремонт,45,2021.0,0.041539634146341466
Торговля оптовая и розничная автотранспортными средствами и мотоциклами и их ремонт,45,2022.0,0.08370044052863436
Торговля оптовая и розничная автотранспортными средствами и мотоциклами и их ремонт,45,2023.0,0.054727880814837336
Торговля оптовая и розничная автотранспортными средствами и мотоциклами и их ремонт,45,2024.0,0.03541001064962726
Торговля автотранспортными средствами,45.1,2021.0,0.046153846153846156
Торговля автотранспортными средствами,45.1,2022.0,0.10400616332819723
Торговля автотранспортными средствами,45.1,2023.0,0.0667574931880109
Торговля автотранспортными средствами,45.1,2024.0,0.04447115384615385
Торговля легковыми автомобилями и грузовыми автомобилями малой грузоподъемности,45.11,2021.0,0.05405405405405406
Торговля легковыми автомобилями и грузовыми автомобилями малой грузоподъемности,45.11,2022.0,0.11609756097560976
Торговля легковыми автомобилями и грузовыми автомобилями малой грузоподъемности,45.11,2023.0,0.08236347358997315
Торговля легковыми автомобилями и грузовыми автомобилями малой грузоподъемности,45.11,2024.0,0.05037159372419488
Торговля оптовая легковыми автомобилями и легкими автотранспортными средствами,45.11.1,2021.0,0.07272727272727272
Торговля оптовая легковыми автомобилями и легкими автотранспортными средствами,45.11.1,2022.0,0.11666666666666667
Торговля оптовая легковыми автомобилями и легкими автотранспортными средствами,45.11.1,2023.0,0.06
Торговля оптовая легковыми автомобилями и легкими автотранспортными средствами,45.11.1,2024.0,0.0673076923076923
Торговля розничная легковыми автомобилями и легкими автотранспортными средствами в специализированных магазинах,45.11.2,2021.0,0.05337519623233909
Торговля розничная легковыми автомобилями и легкими автотранспортными средствами в специализированных магазинах,45.11.2,2022.0,0.11553784860557768
Торговля розничная легковыми автомобилями и легкими автотранспортными средствами в специализированных магазинах,45.11.2,2023.0,0.08669108669108669
Торговля розничная легковыми автомобилями и легкими автотранспортными средствами в специализированных магазинах,45.11.2,2024.0,0.04462242562929062
Торговля розничная легковыми автомобилями и легкими автотранспортными средствами прочая,45.11.3,2021.0,
Торговля розничная легковыми автомобилями и легкими автотранспортными средствами прочая,45.11.3,2022.0,0.3333333333333333
Торговля розничная легковыми автомобилями и легкими автотранспортными средствами прочая,45.11.3,2023.0,0.23076923076923078
Торговля розничная легковыми автомобилями и легкими автотранспортными средствами прочая,45.11.3,2024.0,0.125
Торговля розничная легковыми автомобилями и легкими автотранспортными средствами через информационно-коммуникационную сеть Интернет,45.11.31,2021.0,
Торговля розничная легковыми автомобилями и легкими автотранспортными средствами через информационно-коммуникационную сеть Интернет,45.11.31,2022.0,
Торговля розничная легковыми автомобилями и легкими автотранспортными средствами через информационно-коммуникационную сеть Интернет,45.11.31,2023.0,1.0
Торговля розничная легковыми автомобилями и легкими автотранспортными средствами через информационно-коммуникационную сеть Интернет,45.11.31,2024.0,0.5
"Торговля розничная легковыми автомобилями и легкими автотранспортными средствами прочая, не включенная в другие группировки",45.11.39,2021.0,
"Торговля розничная легковыми автомобилями и легкими автотранспортными средствами прочая, не включенная в другие группировки",45.11.39,2022.0,0.6
"Торговля розничная легковыми автомобилями и легкими автотранспортными средствами прочая, не включенная в другие группировки",45.11.39,2023.0,
"Торговля розничная легковыми автомобилями и легкими автотранспортными средствами прочая, не включенная в другие группировки",45.11.39,2024.0,
Торговля оптовая легковыми автомобилями и легкими автотранспортными средствами за вознаграждение или на договорной основе,45.11.4,2021.0,
Торговля оптовая легковыми автомобилями и легкими автотранспортными средствами за вознаграждение или на договорной основе,45.11.4,2022.0,
Торговля оптовая легковыми автомобилями и легкими автотранспортными средствами за вознаграждение или на договорной основе,45.11.4,2023.0,
Торговля оптовая легковыми автомобилями и легкими автотранспортными средствами за вознаграждение или на договорной основе,45.11.4,2024.0,
Торговля оптовая легковыми автомобилями и легкими автотранспортными средствами за вознаграждение или на договорной основе прочая,45.11.49,2021.0,
Торговля оптовая легковыми автомобилями и легкими автотранспортными средствами за вознаграждение или на договорной основе прочая,45.11.49,2022.0,
Торговля оптовая легковыми автомобилями и легкими автотранспортными средствами за вознаграждение или на договорной основе прочая,45.11.49,2023.0,
Торговля оптовая легковыми автомобилями и легкими автотранспортными средствами за вознаграждение или на договорной основе прочая,45.11.49,2024.0,
Торговля прочими автотранспортными средствами,45.19,2021.0,0.0163265306122449
Торговля прочими автотранспортными средствами,45.19,2022.0,0.05860805860805861
Торговля прочими автотранспортными средствами,45.19,2023.0,0.017094017094017096
Торговля прочими автотранспортными средствами,45.19,2024.0,0.02869757174392936
Торговля оптовая прочими автотранспортными средствами,45.19.1,2021.0,0.01507537688442211
Торговля оптовая прочими автотранспортными средствами,45.19.1,2022.0,0.06222222222222222
Торговля оптовая прочими автотранспортными средствами,45.19.1,2023.0,0.011029411764705883
Торговля оптовая прочими автотранспортными средствами,45.19.1,2024.0,0.011869436201780416
Торговля розничная прочими автотранспортными средствами в специализированных магазинах,45.19.2,2021.0,
Торговля розничная прочими автотранспортными средствами в специализированных магазинах,45.19.2,2022.0,
Торговля розничная прочими автотранспортными средствами в специализированных магазинах,45.19.2,2023.0,
Торговля розничная прочими автотранспортными средствами в специализированных магазинах,45.19.2,2024.0,
Торговля розничная прочими автотранспортными средствами прочая,45.19.3,2021.0,
Торговля розничная прочими автотранспортными средствами прочая,45.19.3,2022.0,0.25
Торговля розничная прочими автотранспортными средствами прочая,45.19.3,2023.0,
Торговля розничная прочими автотранспортными средствами прочая,45.19.3,2024.0,0.14285714285714285
"Торговля розничная прочими автотранспортными средствами прочая, не включенная в другие группировки",45.19.39,2021.0,
"Торговля розничная прочими автотранспортными средствами прочая, не включенная в другие группировки",45.19.39,2022.0,
"Торговля розничная прочими автотранспортными средствами прочая, не включенная в другие группировки",45.19.39,2023.0,
"Торговля розничная прочими автотранспортными средствами прочая, не включенная в другие группировки",45.19.39,2024.0,0.2
Торговля оптовая прочими автотранспортными средствами за вознаграждение или на договорной основе,45.19.4,2021.0,
Торговля оптовая прочими автотранспортными средствами за вознаграждение или на договорной основе,45.19.4,2022.0,
Торговля оптовая прочими автотранспортными средствами за вознаграждение или на договорной основе,45.19.4,2023.0,0.07692307692307693
Торговля оптовая прочими автотранспортными средствами за вознаграждение или на договорной основе,45.19.4,2024.0,
Торговля оптовая прочими автотранспортными средствами за вознаграждение или на договорной основе прочая,45.19.49,2021.0,
Торговля оптовая прочими автотранспортными средствами за вознаграждение или на договорной основе прочая,45.19.49,2022.0,
Торговля оптовая прочими автотранспортными средствами за вознаграждение или на договорной основе прочая,45.19.49,2023.0,0.16666666666666666
Торговля оптовая прочими автотранспортными средствами за вознаграждение или на договорной основе прочая,45.19.49,2024.0,
Техническое обслуживание и ремонт автотранспортных средств,45.20,2021.0,0.0757238307349666
Техническое обслуживание и ремонт автотранспортных средств,45.20,2022.0,0.10141987829614604
Техническое обслуживание и ремонт автотранспортных средств,45.20,2023.0,0.04925053533190578
Техническое обслуживание и ремонт автотранспортных средств,45.20,2024.0,0.03364485981308411
Техническое обслуживание и ремонт легковых автомобилей и легких грузовых автотранспортных средств,45.20.1,2021.0,0.11814345991561181
Техническое обслуживание и ремонт легковых автомобилей и легких грузовых автотранспортных средств,45.20.1,2022.0,0.12758620689655173
Техническое обслуживание и ремонт легковых автомобилей и легких грузовых автотранспортных средств,45.20.1,2023.0,0.0728744939271255
Техническое обслуживание и ремонт легковых автомобилей и легких грузовых автотранспортных средств,45.20.1,2024.0,0.06060606060606061
Техническое обслуживание и ремонт прочих автотранспортных средств,45.20.2,2021.0,0.035211267605633804
Техническое обслуживание и ремонт прочих автотранспортных средств,45.20.2,2022.0,0.06976744186046512
Техническое обслуживание и ремонт прочих автотранспортных средств,45.20.2,2023.0,0.016
Техническое обслуживание и ремонт прочих автотранспортных средств,45.20.2,2024.0,0.00641025641025641
"Мойка автотранспортных средств, полирование и предоставление аналогичных услуг",45.20.3,2021.0,
"Мойка автотранспортных средств, полирование и предоставление аналогичных услуг",45.20.3,2022.0,
"Мойка автотранспортных средств, полирование и предоставление аналогичных услуг",45.20.3,2023.0,
"Мойка автотранспортных средств, полирование и предоставление аналогичных услуг",45.20.3,2024.0,
Техническая помощь на дорогах и транспортирование неисправных автотранспортных средств к месту их ремонта или стоянки,45.20.4,2023.0,
Техническая помощь на дорогах и транспортирование неисправных автотранспортных средств к месту их ремонта или стоянки,45.20.4,2024.0,
Деятельность по зарядке аккумуляторных батарей транспортных средств с электродвигателями,45.20.5,2021.0,
Деятельность по зарядке аккумуляторных батарей транспортных средств с электродвигателями,45.20.5,2022.0,
Деятельность по зарядке аккумуляторных батарей транспортных средств с электродвигателями,45.20.5,2023.0,
Деятельность по зарядке аккумуляторных батарей транспортных средств с электродвигателями,45.20.5,2024.0,
"Торговля автомобильными деталями, узлами и принадлежностями",45.3,2021.0,0.02097902097902098
"Торговля автомобильными деталями, узлами и принадлежностями",45.3,2022.0,0.05285961871750433
"Торговля автомобильными деталями, узлами и принадлежностями",45.3,2023.0,0.043833580980683504
"Торговля автомобильными деталями, узлами и принадлежностями",45.3,2024.0,0.02655440414507772
"Торговля оптовая автомобильными деталями, узлами и принадлежностями",45.31,2021.0,0.0203862660944206
"Торговля оптовая автомобильными деталями, узлами и принадлежностями",45.31,2022.0,0.05412844036697248
"Торговля оптовая автомобильными деталями, узлами и принадлежностями",45.31,2023.0,0.046420141620771044
"Торговля оптовая автомобильными деталями, узлами и принадлежностями",45.31,2024.0,0.028256374913852515
"Торговля оптовая автомобильными деталями, узлами и принадлежностями, кроме деятельности агентов",45.31.1,2021.0,0.015681544028950542
"Торговля оптовая автомобильными деталями, узлами и принадлежностями, кроме деятельности агентов",45.31.1,2022.0,0.054136874361593465
"Торговля оптовая автомобильными деталями, узлами и принадлежностями, кроме деятельности агентов",45.31.1,2023.0,0.04450261780104712
"Торговля оптовая автомобильными деталями, узлами и принадлежностями, кроме деятельности агентов",45.31.1,2024.0,0.025984251968503937
"Деятельность агентов по оптовой торговле автомобильными деталями, узлами и принадлежностями",45.31.2,2021.0,
"Деятельность агентов по оптовой торговле автомобильными деталями, узлами и принадлежностями",45.31.2,2022.0,0.14285714285714285
"Деятельность агентов по оптовой торговле автомобильными деталями, узлами и принадлежностями",45.31.2,2023.0,0.125
"Деятельность агентов по оптовой торговле автомобильными деталями, узлами и принадлежностями",45.31.2,2024.0,0.13333333333333333
"Торговля розничная автомобильными деталями, узлами и принадлежностями",45.32,2021.0,0.028985507246376812
"Торговля розничная автомобильными деталями, узлами и принадлежностями",45.32,2022.0,0.03125
"Торговля розничная автомобильными деталями, узлами и принадлежностями",45.32,2023.0,
"Торговля розничная автомобильными деталями, узлами и принадлежностями",45.32,2024.0,
"Торговля розничная автомобильными деталями, узлами и принадлежностями в специализированных магазинах",45.32.1,2021.0,0.05263157894736842
"Торговля розничная автомобильными деталями, узлами и принадлежностями в специализированных магазинах",45.32.1,2022.0,0.1
"Торговля розничная автомобильными деталями, узлами и принадлежностями в специализированных магазинах",45.32.1,2023.0,
"Торговля розничная автомобильными деталями, узлами и принадлежностями в специализированных магазинах",45.32.1,2024.0,
"Торговля розничная автомобильными деталями, узлами и принадлежностями прочая",45.32.2,2021.0,
"Торговля розничная автомобильными деталями, узлами и принадлежностями прочая",45.32.2,2022.0,
"Торговля розничная автомобильными деталями, узлами и принадлежностями прочая",45.32.2,2023.0,
"Торговля розничная автомобильными деталями, узлами и принадлежностями прочая",45.32.2,2024.0,
"Торговля розничная автомобильными деталями, узлами и принадлежностями через информационно-коммуникационную сеть Интернет",45.32.21,2021.0,
"Торговля розничная автомобильными деталями, узлами и принадлежностями через информационно-коммуникационную сеть Интернет",45.32.21,2022.0,
"Торговля розничная автомобильными деталями, узлами и принадлежностями через информационно-коммуникационную сеть Интернет",45.32.21,2023.0,
"Торговля розничная автомобильными деталями, узлами и принадлежностями через информационно-коммуникационную сеть Интернет",45.32.21,2024.0,
"Торговля розничная автомобильными деталями, узлами и принадлежностями по почтовым заказам",45.32.22,2021.0,
"Торговля розничная автомобильными деталями, узлами и принадлежностями по почтовым заказам",45.32.22,2022.0,
"Торговля розничная автомобильными деталями, узлами и принадлежностями по почтовым заказам",45.32.22,2023.0,
"Торговля розничная автомобильными деталями, узлами и принадлежностями прочая, не включенная в другие группировки",45.32.29,2021.0,
"Торговля розничная автомобильными деталями, узлами и принадлежностями прочая, не включенная в другие группировки",45.32.29,2022.0,
"Торговля розничная автомобильными деталями, узлами и принадлежностями прочая, не включенная в другие группировки",45.32.29,2023.0,
"Торговля розничная автомобильными деталями, узлами и принадлежностями прочая, не включенная в другие группировки",45.32.29,2024.0,
"Торговля мотоциклами, их деталями, узлами и принадлежностями; техническое обслуживание и ремонт мотоциклов",45.40,2021.0,
"Торговля мотоциклами, их деталями, узлами и принадлежностями; техническое обслуживание и ремонт мотоциклов",45.40,2022.0,0.16666666666666666
"Торговля мотоциклами, их деталями, узлами и принадлежностями; техническое обслуживание и ремонт мотоциклов",45.40,2023.0,
"Торговля мотоциклами, их деталями, узлами и принадлежностями; техническое обслуживание и ремонт мотоциклов",45.40,2024.0,
"Торговля оптовая мотоциклами, их деталями, узлами и принадлежностями",45.40.1,2021.0,
"Торговля оптовая мотоциклами, их деталями, узлами и принадлежностями",45.40.1,2022.0,0.3333333333333333
"Торговля оптовая мотоциклами, их деталями, узлами и принадлежностями",45.40.1,2023.0,
"Торговля оптовая мотоциклами, их деталями, узлами и принадлежностями",45.40.1,2024.0,
"Торговля розничная мотоциклами, их деталями, составными частями и принадлежностями в специализированных магазинах",45.40.2,2021.0,
"Торговля розничная мотоциклами, их деталями, составными частями и принадлежностями в специализированных магазинах",45.40.2,2022.0,
"Торговля розничная мотоциклами, их деталями, составными частями и принадлежностями в специализированных магазинах",45.40.2,2023.0,
"Торговля розничная мотоциклами, их деталями, составными частями и принадлежностями в специализированных магазинах",45.40.2,2024.0,
"Торговля розничная мотоциклами, их деталями, узлами и принадлежностями прочая",45.40.3,2021.0,
Техническое обслуживание и ремонт мотоциклов и мототранспортных средств,45.40.5,2021.0,
Техническое обслуживание и ремонт мотоциклов и мототранспортных средств,45.40.5,2022.0,
Техническое обслуживание и ремонт мотоциклов и мототранспортных средств,45.40.5,2023.0,
"Торговля оптовая, кроме оптовой торговли автотранспортными средствами и мотоциклами",46,2021.0,0.042418585355735325
"Торговля оптовая, кроме оптовой торговли автотранспортными средствами и мотоциклами",46,2022.0,0.06455441457247536
"Торговля оптовая, кроме оптовой торговли автотранспортными средствами и мотоциклами",46,2023.0,0.034591961023142506
"Торговля оптовая, кроме оптовой торговли автотранспортными средствами и мотоциклами",46,2024.0,0.038676710277080306
Торговля оптовая за вознаграждение или на договорной основе,46.1,2021.0,0.05675675675675676
Торговля оптовая за вознаграждение или на договорной основе,46.1,2022.0,0.08146067415730338
Торговля оптовая за вознаграждение или на договорной основе,46.1,2023.0,0.02627511591962906
Торговля оптовая за вознаграждение или на договорной основе,46.1,2024.0,0.033381712626995644
"Деятельность агентов по оптовой торговле сельскохозяйственным сырьем, живыми животными, текстильным сырьем и полуфабрикатами",46.11,2021.0,
"Деятельность агентов по оптовой торговле сельскохозяйственным сырьем, живыми животными, текстильным сырьем и полуфабрикатами",46.11,2022.0,0.06060606060606061
"Деятельность агентов по оптовой торговле сельскохозяйственным сырьем, живыми животными, текстильным сырьем и полуфабрикатами",46.11,2023.0,0.08333333333333333
"Деятельность агентов по оптовой торговле сельскохозяйственным сырьем, живыми животными, текстильным сырьем и полуфабрикатами",46.11,2024.0,0.034482758620689655
Деятельность агентов по оптовой торговле живыми животными,46.11.1,2021.0,
Деятельность агентов по оптовой торговле живыми животными,46.11.1,2022.0,
Деятельность агентов по оптовой торговле живыми животными,46.11.1,2023.0,
Деятельность агентов по оптовой торговле живыми животными,46.11.1,2024.0,
Деятельность агентов по оптовой торговле цветами и растениями,46.11.2,2024.0,
"Деятельность агентов по оптовой торговле прочим сельскохозяйственным сырьем, текстильным сырьем и полуфабрикатами",46.11.3,2021.0,
"Деятельность агентов по оптовой торговле прочим сельскохозяйственным сырьем, текстильным сырьем и полуфабрикатами",46.11.3,2022.0,
"Деятельность агентов по оптовой торговле прочим сельскохозяйственным сырьем, текстильным сырьем и полуфабрикатами",46.11.3,2023.0,0.14285714285714285
"Деятельность агентов по оптовой торговле прочим сельскохозяйственным сырьем, текстильным сырьем и полуфабрикатами",46.11.3,2024.0,0.2
Деятельность агентов по оптовой торговле зерном,46.11.31,2021.0,
Деятельность агентов по оптовой торговле зерном,46.11.31,2022.0,
Деятельность агентов по оптовой торговле зерном,46.11.31,2023.0,
Деятельность агентов по оптовой торговле зерном,46.11.31,2024.0,
Деятельность агентов по оптовой торговле кормами для сельскохозяйственных животных,46.11.34,2021.0,
Деятельность агентов по оптовой торговле кормами для сельскохозяйственных животных,46.11.34,2022.0,
Деятельность агентов по оптовой торговле кормами для сельскохозяйственных животных,46.11.34,2023.0,
Деятельность агентов по оптовой торговле кормами для сельскохозяйственных животных,46.11.34,2024.0,
Деятельность агентов по оптовой торговле текстильным сырьем и полуфабрикатами,46.11.35,2022.0,
Деятельность агентов по оптовой торговле текстильным сырьем и полуфабрикатами,46.11.35,2023.0,
Деятельность агентов по оптовой торговле текстильным сырьем и полуфабрикатами,46.11.35,2024.0,
"Деятельность агентов по оптовой торговле прочими сельскохозяйственным сырьем и сельскохозяйственными полуфабрикатами, не включенными в другие группировки",46.11.39,2021.0,
"Деятельность агентов по оптовой торговле прочими сельскохозяйственным сырьем и сельскохозяйственными полуфабрикатами, не включенными в другие группировки",46.11.39,2022.0,
"Деятельность агентов по оптовой торговле прочими сельскохозяйственным сырьем и сельскохозяйственными полуфабрикатами, не включенными в другие группировки",46.11.39,2024.0,1.0
"Деятельность агентов по оптовой торговле топливом, рудами, металлами и химическими веществами",46.12,2021.0,0.010526315789473684
"Деятельность агентов по оптовой торговле топливом, рудами, металлами и химическими веществами",46.12,2022.0,0.03636363636363636
"Деятельность агентов по оптовой торговле топливом, рудами, металлами и химическими веществами",46.12,2023.0,0.03529411764705882
"Деятельность агентов по оптовой торговле топливом, рудами, металлами и химическими веществами",46.12,2024.0,0.00909090909090909
"Деятельность агентов по оптовой торговле твердым, жидким и газообразным топливом и связанными продуктами",46.12.1,2021.0,
"Деятельность агентов по оптовой торговле твердым, жидким и газообразным топливом и связанными продуктами",46.12.1,2022.0,0.038461538461538464
"Деятельность агентов по оптовой торговле твердым, жидким и газообразным топливом и связанными продуктами",46.12.1,2023.0,0.08
"Деятельность агентов по оптовой торговле твердым, жидким и газообразным топливом и связанными продуктами",46.12.1,2024.0,
Деятельность агентов по оптовой торговле рудами и металлами в первичных формах,46.12.2,2021.0,
Деятельность агентов по оптовой торговле рудами и металлами в первичных формах,46.12.2,2022.0,0.030303030303030304
Деятельность агентов по оптовой торговле рудами и металлами в первичных формах,46.12.2,2023.0,
Деятельность агентов по оптовой торговле рудами и металлами в первичных формах,46.12.2,2024.0,
Деятельность агентов по оптовой торговле рудами,46.12.21,2021.0,
Деятельность агентов по оптовой торговле рудами,46.12.21,2022.0,
Деятельность агентов по оптовой торговле металлами в первичных формах,46.12.22,2021.0,
Деятельность агентов по оптовой торговле металлами в первичных формах,46.12.22,2022.0,
Деятельность агентов по оптовой торговле металлами в первичных формах,46.12.22,2023.0,
Деятельность агентов по оптовой торговле металлами в первичных формах,46.12.22,2024.0,
"Деятельность агентов по оптовой торговле промышленными и техническими химическими веществами, удобрениями и агрохимикатами",46.12.3,2021.0,0.045454545454545456
"Деятельность агентов по оптовой торговле промышленными и техническими химическими веществами, удобрениями и агрохимикатами",46.12.3,2022.0,0.038461538461538464
"Деятельность агентов по оптовой торговле промышленными и техническими химическими веществами, удобрениями и агрохимикатами",46.12.3,2023.0,
"Деятельность агентов по оптовой торговле промышленными и техническими химическими веществами, удобрениями и агрохимикатами",46.12.3,2024.0,
Деятельность агентов по оптовой торговле промышленными и техническими химическими веществами,46.12.31,2021.0,0.07692307692307693
Деятельность агентов по оптовой торговле промышленными и техническими химическими веществами,46.12.31,2022.0,0.05263157894736842
Деятельность агентов по оптовой торговле промышленными и техническими химическими веществами,46.12.31,2023.0,
Деятельность агентов по оптовой торговле промышленными и техническими химическими веществами,46.12.31,2024.0,
Деятельность агентов по оптовой торговле удобрениями и агрохимикатами,46.12.32,2022.0,
Деятельность агентов по оптовой торговле удобрениями и агрохимикатами,46.12.32,2023.0,
Деятельность агентов по оптовой торговле удобрениями и агрохимикатами,46.12.32,2024.0,
Деятельность агентов по оптовой торговле лесоматериалами и строительными материалами,46.13,2021.0,
Деятельность агентов по оптовой торговле лесоматериалами и строительными материалами,46.13,2022.0,0.01282051282051282
Деятельность агентов по оптовой торговле лесоматериалами и строительными материалами,46.13,2023.0,0.024096385542168676
Деятельность агентов по оптовой торговле лесоматериалами и строительными материалами,46.13,2024.0,0.03333333333333333
Деятельность агентов по оптовой торговле лесоматериалами,46.13.1,2021.0,
Деятельность агентов по оптовой торговле лесоматериалами,46.13.1,2022.0,
Деятельность агентов по оптовой торговле лесоматериалами,46.13.1,2023.0,
Деятельность агентов по оптовой торговле лесоматериалами,46.13.1,2024.0,
Деятельность агентов по оптовой торговле строительными материалами,46.13.2,2021.0,
Деятельность агентов по оптовой торговле строительными материалами,46.13.2,2022.0,
Деятельность агентов по оптовой торговле строительными материалами,46.13.2,2023.0,0.05555555555555555
Деятельность агентов по оптовой торговле строительными материалами,46.13.2,2024.0,
"Деятельность агентов по оптовой торговле машинами, промышленным оборудованием, судами и летательными аппаратами",46.14,2021.0,0.023809523809523808
"Деятельность агентов по оптовой торговле машинами, промышленным оборудованием, судами и летательными аппаратами",46.14,2022.0,0.08641975308641975
"Деятельность агентов по оптовой торговле машинами, промышленным оборудованием, судами и летательными аппаратами",46.14,2023.0,0.013157894736842105
"Деятельность агентов по оптовой торговле машинами, промышленным оборудованием, судами и летательными аппаратами",46.14,2024.0,0.012658227848101266
"Деятельность агентов по оптовой торговле вычислительной техникой, телекоммуникационным оборудованием и прочим офисным оборудованием",46.14.1,2021.0,0.2
"Деятельность агентов по оптовой торговле вычислительной техникой, телекоммуникационным оборудованием и прочим офисным оборудованием",46.14.1,2022.0,0.2
"Деятельность агентов по оптовой торговле вычислительной техникой, телекоммуникационным оборудованием и прочим офисным оборудованием",46.14.1,2023.0,0.25
"Деятельность агентов по оптовой торговле вычислительной техникой, телекоммуникационным оборудованием и прочим офисным оборудованием",46.14.1,2024.0,
"Деятельность агентов по оптовой торговле судами, летательными аппаратами и прочими транспортными средствами, не включенными в другие группировки",46.14.2,2021.0,
"Деятельность агентов по оптовой торговле судами, летательными аппаратами и прочими транспортными средствами, не включенными в другие группировки",46.14.2,2022.0,
"Деятельность агентов по оптовой торговле судами, летательными аппаратами и прочими транспортными средствами, не включенными в другие группировки",46.14.2,2023.0,
"Деятельность агентов по оптовой торговле судами, летательными аппаратами и прочими транспортными средствами, не включенными в другие группировки",46.14.2,2024.0,
Деятельность агентов по оптовой торговле прочими видами машин и промышленным оборудованием,46.14.9,2021.0,
Деятельность агентов по оптовой торговле прочими видами машин и промышленным оборудованием,46.14.9,2022.0,0.038461538461538464
Деятельность агентов по оптовой торговле прочими видами машин и промышленным оборудованием,46.14.9,2023.0,
Деятельность агентов по оптовой торговле прочими видами машин и промышленным оборудованием,46.14.9,2024.0,
"Деятельность агентов по оптовой торговле мебелью, бытовыми товарами, скобяными, ножевыми и прочими металлическими изделиями",46.15,2021.0,
"Деятельность агентов по оптовой торговле мебелью, бытовыми товарами, скобяными, ножевыми и прочими металлическими изделиями",46.15,2022.0,0.025
"Деятельность агентов по оптовой торговле мебелью, бытовыми товарами, скобяными, ножевыми и прочими металлическими изделиями",46.15,2023.0,0.034482758620689655
"Деятельность агентов по оптовой торговле мебелью, бытовыми товарами, скобяными, ножевыми и прочими металлическими изделиями",46.15,2024.0,
Деятельность агентов по оптовой торговле мебелью,46.15.1,2021.0,
Деятельность агентов по оптовой торговле мебелью,46.15.1,2022.0,
Деятельность агентов по оптовой торговле мебелью,46.15.1,2023.0,
Деятельность агентов по оптовой торговле мебелью,46.15.1,2024.0,
"Деятельность агентов по оптовой торговле скобяными, ножевыми и прочими бытовыми металлическими изделиями",46.15.2,2021.0,
Деятельность агентов по оптовой торговле электротоварами и бытовыми электроустановочными изделиями,46.15.3,2021.0,
Деятельность агентов по оптовой торговле электротоварами и бытовыми электроустановочными изделиями,46.15.3,2022.0,
Деятельность агентов по оптовой торговле электротоварами и бытовыми электроустановочными изделиями,46.15.3,2023.0,
Деятельность агентов по оптовой торговле электротоварами и бытовыми электроустановочными изделиями,46.15.3,2024.0,
"Деятельность агентов по оптовой торговле радио- и телеаппаратурой, техническими носителями информации",46.15.4,2021.0,
"Деятельность агентов по оптовой торговле радио- и телеаппаратурой, техническими носителями информации",46.15.4,2022.0,1.0
"Деятельность агентов по оптовой торговле радио- и телеаппаратурой, техническими носителями информации",46.15.4,2023.0,0.5
"Деятельность агентов по оптовой торговле радио- и телеаппаратурой, техническими носителями информации",46.15.4,2024.0,
"Деятельность агентов по оптовой торговле прочими бытовыми товарами, не включенными в другие группировки",46.15.9,2021.0,
"Деятельность агентов по оптовой торговле прочими бытовыми товарами, не включенными в другие группировки",46.15.9,2022.0,
"Деятельность агентов по оптовой торговле прочими бытовыми товарами, не включенными в другие группировки",46.15.9,2023.0,
"Деятельность агентов по оптовой торговле прочими бытовыми товарами, не включенными в другие группировки",46.15.9,2024.0,
"Деятельность агентов по оптовой торговле текстильными изделиями, одеждой, обувью, изделиями из кожи и меха",46.16,2021.0,
"Деятельность агентов по оптовой торговле текстильными изделиями, одеждой, обувью, изделиями из кожи и меха",46.16,2022.0,
"Деятельность агентов по оптовой торговле текстильными изделиями, одеждой, обувью, изделиями из кожи и меха",46.16,2023.0,0.09090909090909091
"Деятельность агентов по оптовой торговле текстильными изделиями, одеждой, обувью, изделиями из кожи и меха",46.16,2024.0,0.14285714285714285
Деятельность агентов по оптовой торговле текстильными изделиями,46.16.1,2021.0,
Деятельность агентов по оптовой торговле текстильными изделиями,46.16.1,2022.0,
Деятельность агентов по оптовой торговле текстильными изделиями,46.16.1,2024.0,
"Деятельность агентов по оптовой торговле одеждой, изделиями из меха и обувью",46.16.2,2021.0,
"Деятельность агентов по оптовой торговле одеждой, изделиями из меха и обувью",46.16.2,2022.0,
"Деятельность агентов по оптовой торговле одеждой, изделиями из меха и обувью",46.16.2,2024.0,
Деятельность агентов по оптовой торговле изделиями из кожи и дорожными принадлежностями,46.16.3,2021.0,
"Деятельность агентов по оптовой торговле пищевыми продуктами, напитками и табачными изделиями",46.17,2021.0,0.2857142857142857
"Деятельность агентов по оптовой торговле пищевыми продуктами, напитками и табачными изделиями",46.17,2022.0,0.24786324786324787
"Деятельность агентов по оптовой торговле пищевыми продуктами, напитками и табачными изделиями",46.17,2023.0,0.02040816326530612
"Деятельность агентов по оптовой торговле пищевыми продуктами, напитками и табачными изделиями",46.17,2024.0,0.010101010101010102
Деятельность агентов по оптовой торговле пищевыми продуктами,46.17.1,2021.0,0.03125
Деятельность агентов по оптовой торговле пищевыми продуктами,46.17.1,2022.0,0.034482758620689655
Деятельность агентов по оптовой торговле пищевыми продуктами,46.17.1,2023.0,
Деятельность агентов по оптовой торговле пищевыми продуктами,46.17.1,2024.0,0.047619047619047616
Деятельность агентов по оптовой торговле напитками,46.17.2,2021.0,0.125
Деятельность агентов по оптовой торговле напитками,46.17.2,2022.0,0.1111111111111111
Деятельность агентов по оптовой торговле напитками,46.17.2,2023.0,
Деятельность агентов по оптовой торговле напитками,46.17.2,2024.0,
Деятельность агентов по оптовой торговле безалкогольными напитками,46.17.21,2021.0,
Деятельность агентов по оптовой торговле безалкогольными напитками,46.17.21,2024.0,
"Деятельность агентов по оптовой торговле алкогольными напитками, кроме пива",46.17.22,2021.0,
"Деятельность агентов по оптовой торговле алкогольными напитками, кроме пива",46.17.22,2022.0,
"Деятельность агентов по оптовой торговле алкогольными напитками, кроме пива",46.17.22,2023.0,
"Деятельность агентов по оптовой торговле алкогольными напитками, кроме пива",46.17.22,2024.0,
Деятельность агентов по оптовой торговле пивом,46.17.23,2021.0,0.3333333333333333
Деятельность агентов по оптовой торговле пивом,46.17.23,2022.0,0.16666666666666666
Деятельность агентов по оптовой торговле пивом,46.17.23,2023.0,
Деятельность агентов по оптовой торговле пивом,46.17.23,2024.0,
Деятельность агентов по оптовой торговле табачными изделиями,46.17.3,2021.0,
Деятельность агентов по оптовой торговле табачными изделиями,46.17.3,2022.0,
Деятельность агентов по оптовой торговле табачными изделиями,46.17.3,2023.0,
Деятельность агентов по оптовой торговле табачными изделиями,46.17.3,2024.0,
"Деятельность агентов, специализирующихся на оптовой торговле прочими отдельными видами товаров",46.18,2021.0,0.024242424242424242
"Деятельность агентов, специализирующихся на оптовой торговле прочими отдельными видами товаров",46.18,2022.0,0.04046242774566474
"Деятельность агентов, специализирующихся на оптовой торговле прочими отдельными видами товаров",46.18,2023.0,0.011494252873563218
"Деятельность агентов, специализирующихся на оптовой торговле прочими отдельными видами товаров",46.18,2024.0,0.011976047904191617
"Деятельность агентов, специализирующихся на оптовой торговле фармацевтической продукцией, изделиями, применяемыми в медицинских целях, парфюмерными и косметическими товарами, включая мыло, и чистящими средствами",46.18.1,2021.0,0.058823529411764705
"Деятельность агентов, специализирующихся на оптовой торговле фармацевтической продукцией, изделиями, применяемыми в медицинских целях, парфюмерными и косметическими товарами, включая мыло, и чистящими средствами",46.18.1,2022.0,0.14285714285714285
"Деятельность агентов, специализирующихся на оптовой торговле фармацевтической продукцией, изделиями, применяемыми в медицинских целях, парфюмерными и косметическими товарами, включая мыло, и чистящими средствами",46.18.1,2023.0,0.043478260869565216
"Деятельность агентов, специализирующихся на оптовой торговле фармацевтической продукцией, изделиями, применяемыми в медицинских целях, парфюмерными и косметическими товарами, включая мыло, и чистящими средствами",46.18.1,2024.0,
"Деятельность агентов, специализирующихся на оптовой торговле фармацевтической продукцией",46.18.11,2021.0,
"Деятельность агентов, специализирующихся на оптовой торговле фармацевтической продукцией",46.18.11,2022.0,0.3333333333333333
"Деятельность агентов, специализирующихся на оптовой торговле фармацевтической продукцией",46.18.11,2023.0,0.5
"Деятельность агентов, специализирующихся на оптовой торговле фармацевтической продукцией",46.18.11,2024.0,
"Деятельность агентов, специализирующихся на оптовой торговле изделиями, применяемыми в медицинских целях",46.18.12,2021.0,
"Деятельность агентов, специализирующихся на оптовой торговле изделиями, применяемыми в медицинских целях",46.18.12,2022.0,
"Деятельность агентов, специализирующихся на оптовой торговле изделиями, применяемыми в медицинских целях",46.18.12,2023.0,
"Деятельность агентов, специализирующихся на оптовой торговле изделиями, применяемыми в медицинских целях",46.18.12,2024.0,
"Деятельность агентов, специализирующихся на оптовой торговле парфюмерными и косметическими товарами, включая мыло",46.18.13,2024.0,
"Деятельность агентов, специализирующихся на оптовой торговле играми и игрушками, спортивными товарами, велосипедами, книгами, газетами, журналами, писчебумажными и канцелярскими товарами, музыкальными инструментами, часами и ювелирными изделиями, фототоварами и оптическими товарами",46.18.2,2021.0,
"Деятельность агентов, специализирующихся на оптовой торговле играми и игрушками, спортивными товарами, велосипедами, книгами, газетами, журналами, писчебумажными и канцелярскими товарами, музыкальными инструментами, часами и ювелирными изделиями, фототоварами и оптическими товарами",46.18.2,2023.0,
"Деятельность агентов, специализирующихся на оптовой торговле играми и игрушками, спортивными товарами, велосипедами, книгами, газетами, журналами, писчебумажными и канцелярскими товарами, музыкальными инструментами, часами и ювелирными изделиями, фототоварами и оптическими товарами",46.18.2,2024.0,
"Деятельность агентов, специализирующихся на оптовой торговле техникой, оборудованием и инструментами, применяемыми в медицинских целях",46.18.3,2021.0,
"Деятельность агентов, специализирующихся на оптовой торговле техникой, оборудованием и инструментами, применяемыми в медицинских целях",46.18.3,2022.0,
"Деятельность агентов, специализирующихся на оптовой торговле техникой, оборудованием и инструментами, применяемыми в медицинских целях",46.18.3,2023.0,
"Деятельность агентов, специализирующихся на оптовой торговле техникой, оборудованием и инструментами, применяемыми в медицинских целях",46.18.3,2024.0,
"Деятельность агентов, специализирующихся на оптовой торговле товарами, не включенными в другие группировки",46.18.9,2021.0,0.09090909090909091
"Деятельность агентов, специализирующихся на оптовой торговле товарами, не включенными в другие группировки",46.18.9,2022.0,0.058823529411764705
"Деятельность агентов, специализирующихся на оптовой торговле товарами, не включенными в другие группировки",46.18.9,2023.0,
"Деятельность агентов, специализирующихся на оптовой торговле товарами, не включенными в другие группировки",46.18.9,2024.0,
"Деятельность агентов, специализирующихся на оптовой торговле бумагой и картоном",46.18.91,2021.0,
"Деятельность агентов, специализирующихся на оптовой торговле бумагой и картоном",46.18.91,2022.0,
"Деятельность агентов, специализирующихся на оптовой торговле бумагой и картоном",46.18.91,2023.0,
"Деятельность агентов, специализирующихся на оптовой торговле бумагой и картоном",46.18.91,2024.0,
"Деятельность агентов, специализирующихся на оптовой торговле отходами, ломом и материалами для переработки",46.18.93,2021.0,
"Деятельность агентов, специализирующихся на оптовой торговле прочими товарами, не включенными в другие группировки",46.18.99,2021.0,0.16666666666666666
"Деятельность агентов, специализирующихся на оптовой торговле прочими товарами, не включенными в другие группировки",46.18.99,2022.0,0.1111111111111111
"Деятельность агентов, специализирующихся на оптовой торговле прочими товарами, не включенными в другие группировки",46.18.99,2023.0,
"Деятельность агентов, специализирующихся на оптовой торговле прочими товарами, не включенными в другие группировки",46.18.99,2024.0,
Деятельность агентов по оптовой торговле универсальным ассортиментом товаров,46.19,2021.0,0.025210084033613446
Деятельность агентов по оптовой торговле универсальным ассортиментом товаров,46.19,2022.0,0.09859154929577464
Деятельность агентов по оптовой торговле универсальным ассортиментом товаров,46.19,2023.0,0.04477611940298507
Деятельность агентов по оптовой торговле универсальным ассортиментом товаров,46.19,2024.0,0.15294117647058825
Торговля оптовая сельскохозяйственным сырьем и живыми животными,46.2,2021.0,0.039119804400977995
Торговля оптовая сельскохозяйственным сырьем и живыми животными,46.2,2022.0,0.059957173447537475
Торговля оптовая сельскохозяйственным сырьем и живыми животными,46.2,2023.0,0.032504780114722756
Торговля оптовая сельскохозяйственным сырьем и живыми животными,46.2,2024.0,0.03801652892561983
"Торговля оптовая зерном, необработанным табаком, семенами и кормами для сельскохозяйственных животных",46.21,2021.0,0.03896103896103896
"Торговля оптовая зерном, необработанным табаком, семенами и кормами для сельскохозяйственных животных",46.21,2022.0,0.05668934240362812
"Торговля оптовая зерном, необработанным табаком, семенами и кормами для сельскохозяйственных животных",46.21,2023.0,0.030120481927710843
"Торговля оптовая зерном, необработанным табаком, семенами и кормами для сельскохозяйственных животных",46.21,2024.0,0.037037037037037035
"Торговля оптовая зерном, семенами и кормами для животных",46.21.1,2021.0,0.04
"Торговля оптовая зерном, семенами и кормами для животных",46.21.1,2022.0,0.05925925925925926
"Торговля оптовая зерном, семенами и кормами для животных",46.21.1,2023.0,0.024054982817869417
"Торговля оптовая зерном, семенами и кормами для животных",46.21.1,2024.0,0.04472843450479233
Торговля оптовая зерном,46.21.11,2021.0,0.01652892561983471
Торговля оптовая зерном,46.21.11,2022.0,0.08088235294117647
Торговля оптовая зерном,46.21.11,2023.0,0.02857142857142857
Торговля оптовая зерном,46.21.11,2024.0,0.04054054054054054
"Торговля оптовая семенами, кроме семян масличных культур",46.21.12,2021.0,
"Торговля оптовая семенами, кроме семян масличных культур",46.21.12,2022.0,0.05263157894736842
"Торговля оптовая семенами, кроме семян масличных культур",46.21.12,2023.0,
"Торговля оптовая семенами, кроме семян масличных культур",46.21.12,2024.0,
Торговля оптовая масличными семенами и маслосодержащими плодами,46.21.13,2021.0,
Торговля оптовая масличными семенами и маслосодержащими плодами,46.21.13,2022.0,
Торговля оптовая масличными семенами и маслосодержащими плодами,46.21.13,2023.0,
Торговля оптовая масличными семенами и маслосодержащими плодами,46.21.13,2024.0,0.023255813953488372
Торговля оптовая кормами для сельскохозяйственных животных,46.21.14,2021.0,0.058823529411764705
Торговля оптовая кормами для сельскохозяйственных животных,46.21.14,2022.0,0.038461538461538464
Торговля оптовая кормами для сельскохозяйственных животных,46.21.14,2023.0,0.06666666666666667
Торговля оптовая кормами для сельскохозяйственных животных,46.21.14,2024.0,0.038461538461538464
"Торговля оптовая сельскохозяйственным сырьем, не включенным в другие группировки",46.21.19,2021.0,0.07692307692307693
"Торговля оптовая сельскохозяйственным сырьем, не включенным в другие группировки",46.21.19,2022.0,0.07142857142857142
"Торговля оптовая сельскохозяйственным сырьем, не включенным в другие группировки",46.21.19,2023.0,
"Торговля оптовая сельскохозяйственным сырьем, не включенным в другие группировки",46.21.19,2024.0,0.14705882352941177
Торговля оптовая необработанным табаком,46.21.2,2021.0,
Торговля оптовая необработанным табаком,46.21.2,2023.0,
Торговля оптовая цветами и растениями,46.22,2021.0,0.1111111111111111
Торговля оптовая цветами и растениями,46.22,2022.0,0.18181818181818182
Торговля оптовая цветами и растениями,46.22,2023.0,0.07142857142857142
Торговля оптовая цветами и растениями,46.22,2024.0,0.043478260869565216
Торговля оптовая живыми животными,46.23,2021.0,
Торговля оптовая живыми животными,46.23,2022.0,0.1
Торговля оптовая живыми животными,46.23,2023.0,0.125
Торговля оптовая живыми животными,46.23,2024.0,0.07692307692307693
Торговля оптовая шкурами и кожей,46.24,2021.0,
Торговля оптовая шкурами и кожей,46.24,2022.0,
Торговля оптовая шкурами и кожей,46.24,2023.0,
Торговля оптовая шкурами и кожей,46.24,2024.0,
"Торговля оптовая пищевыми продуктами, напитками и табачными изделиями",46.3,2021.0,0.06268576060524182
"Торговля оптовая пищевыми продуктами, напитками и табачными изделиями",46.3,2022.0,0.07692307692307693
"Торговля оптовая пищевыми продуктами, напитками и табачными изделиями",46.3,2023.0,0.04602409638554217
"Торговля оптовая пищевыми продуктами, напитками и табачными изделиями",46.3,2024.0,0.06752484191508581
Торговля оптовая фруктами и овощами,46.31,2021.0,0.031746031746031744
Торговля оптовая фруктами и овощами,46.31,2022.0,0.0913978494623656
Торговля оптовая фруктами и овощами,46.31,2023.0,0.07511737089201878
Торговля оптовая фруктами и овощами,46.31,2024.0,0.07234042553191489
"Торговля оптовая свежими овощами, фруктами и орехами",46.31.1,2021.0,0.0379746835443038
"Торговля оптовая свежими овощами, фруктами и орехами",46.31.1,2022.0,0.15492957746478872
"Торговля оптовая свежими овощами, фруктами и орехами",46.31.1,2023.0,0.11494252873563218
"Торговля оптовая свежими овощами, фруктами и орехами",46.31.1,2024.0,0.10377358490566038
Торговля оптовая свежим картофелем,46.31.11,2021.0,
Торговля оптовая свежим картофелем,46.31.11,2022.0,1.0
Торговля оптовая свежим картофелем,46.31.11,2023.0,0.4
Торговля оптовая свежим картофелем,46.31.11,2024.0,0.2
Торговля оптовая прочими свежими овощами,46.31.12,2021.0,
Торговля оптовая прочими свежими овощами,46.31.12,2022.0,0.3333333333333333
Торговля оптовая прочими свежими овощами,46.31.12,2023.0,
Торговля оптовая прочими свежими овощами,46.31.12,2024.0,
Торговля оптовая свежими фруктами и орехами,46.31.13,2021.0,
Торговля оптовая свежими фруктами и орехами,46.31.13,2022.0,0.1794871794871795
Торговля оптовая свежими фруктами и орехами,46.31.13,2023.0,0.13793103448275862
Торговля оптовая свежими фруктами и орехами,46.31.13,2024.0,0.1282051282051282
"Торговля оптовая консервированными овощами, фруктами и орехами",46.31.2,2021.0,0.029411764705882353
"Торговля оптовая консервированными овощами, фруктами и орехами",46.31.2,2022.0,0.1
"Торговля оптовая консервированными овощами, фруктами и орехами",46.31.2,2023.0,0.0425531914893617
"Торговля оптовая консервированными овощами, фруктами и орехами",46.31.2,2024.0,0.07317073170731707
Торговля оптовая мясом и мясными продуктами,46.32,2021.0,0.04735376044568245
Торговля оптовая мясом и мясными продуктами,46.32,2022.0,0.07894736842105263
Торговля оптовая мясом и мясными продуктами,46.32,2023.0,0.04020100502512563
Торговля оптовая мясом и мясными продуктами,46.32,2024.0,0.025404157043879907
"Торговля оптовая мясом и мясом птицы, включая субпродукты",46.32.1,2021.0,0.020833333333333332
"Торговля оптовая мясом и мясом птицы, включая субпродукты",46.32.1,2022.0,0.06802721088435375
"Торговля оптовая мясом и мясом птицы, включая субпродукты",46.32.1,2023.0,0.024390243902439025
"Торговля оптовая мясом и мясом птицы, включая субпродукты",46.32.1,2024.0,0.028409090909090908
Торговля оптовая продуктами из мяса и мяса птицы,46.32.2,2021.0,0.12643678160919541
Торговля оптовая продуктами из мяса и мяса птицы,46.32.2,2022.0,0.13253012048192772
Торговля оптовая продуктами из мяса и мяса птицы,46.32.2,2023.0,0.045454545454545456
Торговля оптовая продуктами из мяса и мяса птицы,46.32.2,2024.0,0.011494252873563218
Торговля оптовая консервами из мяса и мяса птицы,46.32.3,2021.0,
Торговля оптовая консервами из мяса и мяса птицы,46.32.3,2022.0,0.18181818181818182
Торговля оптовая консервами из мяса и мяса птицы,46.32.3,2023.0,0.25
Торговля оптовая консервами из мяса и мяса птицы,46.32.3,2024.0,
"Торговля оптовая молочными продуктами, яйцами и пищевыми маслами и жирами",46.33,2021.0,0.0158311345646438
"Торговля оптовая молочными продуктами, яйцами и пищевыми маслами и жирами",46.33,2022.0,0.0659090909090909
"Торговля оптовая молочными продуктами, яйцами и пищевыми маслами и жирами",46.33,2023.0,0.03296703296703297
"Торговля оптовая молочными продуктами, яйцами и пищевыми маслами и жирами",46.33,2024.0,0.04821802935010482
Торговля оптовая молочными продуктами,46.33.1,2021.0,0.015706806282722512
Торговля оптовая молочными продуктами,46.33.1,2022.0,0.06481481481481481
Торговля оптовая молочными продуктами,46.33.1,2023.0,0.029166666666666667
Торговля оптовая молочными продуктами,46.33.1,2024.0,0.04330708661417323
Торговля оптовая яйцами,46.33.2,2021.0,0.14285714285714285
Торговля оптовая яйцами,46.33.2,2022.0,
Торговля оптовая яйцами,46.33.2,2023.0,
Торговля оптовая яйцами,46.33.2,2024.0,0.125
Торговля оптовая пищевыми маслами и жирами,46.33.3,2021.0,
Торговля оптовая пищевыми маслами и жирами,46.33.3,2022.0,0.1
Торговля оптовая пищевыми маслами и жирами,46.33.3,2023.0,0.012195121951219513
Торговля оптовая пищевыми маслами и жирами,46.33.3,2024.0,0.011904761904761904
Торговля оптовая напитками,46.34,2021.0,0.06345475910693302
Торговля оптовая напитками,46.34,2022.0,0.08869987849331713
Торговля оптовая напитками,46.34,2023.0,0.05562273276904474
Торговля оптовая напитками,46.34,2024.0,0.05187637969094923
"Торговля оптовая соками, минеральной водой и прочими безалкогольными напитками",46.34.1,2021.0,
"Торговля оптовая соками, минеральной водой и прочими безалкогольными напитками",46.34.1,2022.0,0.1111111111111111
"Торговля оптовая соками, минеральной водой и прочими безалкогольными напитками",46.34.1,2023.0,0.05555555555555555
"Торговля оптовая соками, минеральной водой и прочими безалкогольными напитками",46.34.1,2024.0,0.08333333333333333
"Торговля оптовая алкогольными напитками, включая пиво и пищевой этиловый спирт",46.34.2,2021.0,0.06630824372759857
"Торговля оптовая алкогольными напитками, включая пиво и пищевой этиловый спирт",46.34.2,2022.0,0.09475806451612903
"Торговля оптовая алкогольными напитками, включая пиво и пищевой этиловый спирт",46.34.2,2023.0,0.059813084112149535
"Торговля оптовая алкогольными напитками, включая пиво и пищевой этиловый спирт",46.34.2,2024.0,0.04285714285714286
"Торговля оптовая алкогольными напитками, кроме пива и пищевого этилового спирта",46.34.21,2021.0,0.078125
"Торговля оптовая алкогольными напитками, кроме пива и пищевого этилового спирта",46.34.21,2022.0,0.06666666666666667
"Торговля оптовая алкогольными напитками, кроме пива и пищевого этилового спирта",46.34.21,2023.0,0.058823529411764705
"Торговля оптовая алкогольными напитками, кроме пива и пищевого этилового спирта",46.34.21,2024.0,0.030303030303030304
Торговля оптовая пивом,46.34.23,2021.0,0.012345679012345678
Торговля оптовая пивом,46.34.23,2022.0,0.043478260869565216
Торговля оптовая пивом,46.34.23,2023.0,
Торговля оптовая пивом,46.34.23,2024.0,0.07692307692307693
Торговля оптовая табачными изделиями,46.35,2021.0,0.11983471074380166
Торговля оптовая табачными изделиями,46.35,2022.0,0.016791044776119403
Торговля оптовая табачными изделиями,46.35,2023.0,0.006339144215530904
Торговля оптовая табачными изделиями,46.35,2024.0,0.1691616766467066
"Торговля оптовая сахаром, шоколадом и сахаристыми кондитерскими изделиями",46.36,2021.0,0.03608247422680412
"Торговля оптовая сахаром, шоколадом и сахаристыми кондитерскими изделиями",46.36,2022.0,0.07552083333333333
"Торговля оптовая сахаром, шоколадом и сахаристыми кондитерскими изделиями",46.36,2023.0,0.03349282296650718
"Торговля оптовая сахаром, шоколадом и сахаристыми кондитерскими изделиями",46.36,2024.0,0.03357314148681055
Торговля оптовая сахаром,46.36.1,2021.0,0.07547169811320754
Торговля оптовая сахаром,46.36.1,2022.0,0.1320754716981132
Торговля оптовая сахаром,46.36.1,2023.0,0.10606060606060606
Торговля оптовая сахаром,46.36.1,2024.0,0.056338028169014086
Торговля оптовая шоколадом и сахаристыми кондитерскими изделиями,46.36.2,2021.0,0.023148148148148147
Торговля оптовая шоколадом и сахаристыми кондитерскими изделиями,46.36.2,2022.0,0.02643171806167401
Торговля оптовая шоколадом и сахаристыми кондитерскими изделиями,46.36.2,2023.0,0.01694915254237288
Торговля оптовая шоколадом и сахаристыми кондитерскими изделиями,46.36.2,2024.0,0.024390243902439025
Торговля оптовая мучными кондитерскими изделиями,46.36.3,2021.0,0.25
Торговля оптовая мучными кондитерскими изделиями,46.36.3,2022.0,
Торговля оптовая мучными кондитерскими изделиями,46.36.3,2023.0,
Торговля оптовая мучными кондитерскими изделиями,46.36.3,2024.0,
Торговля оптовая хлебобулочными изделиями,46.36.4,2021.0,
Торговля оптовая хлебобулочными изделиями,46.36.4,2022.0,
Торговля оптовая хлебобулочными изделиями,46.36.4,2023.0,
Торговля оптовая хлебобулочными изделиями,46.36.4,2024.0,0.18181818181818182
"Торговля оптовая кофе, чаем, какао и пряностями",46.37,2021.0,
"Торговля оптовая кофе, чаем, какао и пряностями",46.37,2022.0,0.05333333333333334
"Торговля оптовая кофе, чаем, какао и пряностями",46.37,2023.0,0.0375
"Торговля оптовая кофе, чаем, какао и пряностями",46.37,2024.0,0.020202020202020204
"Торговля оптовая прочими пищевыми продуктами, включая рыбу, ракообразных и моллюсков",46.38,2021.0,0.06166219839142091
"Торговля оптовая прочими пищевыми продуктами, включая рыбу, ракообразных и моллюсков",46.38,2022.0,0.09446693657219973
"Торговля оптовая прочими пищевыми продуктами, включая рыбу, ракообразных и моллюсков",46.38,2023.0,0.056625141562853906
"Торговля оптовая прочими пищевыми продуктами, включая рыбу, ракообразных и моллюсков",46.38,2024.0,0.0550935550935551
"Торговля оптовая рыбой, ракообразными и моллюсками, консервами и пресервами из рыбы и морепродуктов",46.38.1,2021.0,0.06474820143884892
"Торговля оптовая рыбой, ракообразными и моллюсками, консервами и пресервами из рыбы и морепродуктов",46.38.1,2022.0,0.08029197080291971
"Торговля оптовая рыбой, ракообразными и моллюсками, консервами и пресервами из рыбы и морепродуктов",46.38.1,2023.0,0.020134228187919462
"Торговля оптовая рыбой, ракообразными и моллюсками, консервами и пресервами из рыбы и морепродуктов",46.38.1,2024.0,0.023668639053254437
Торговля оптовая прочими пищевыми продуктами,46.38.2,2021.0,0.06855791962174941
Торговля оптовая прочими пищевыми продуктами,46.38.2,2022.0,0.11627906976744186
Торговля оптовая прочими пищевыми продуктами,46.38.2,2023.0,0.06412825651302605
Торговля оптовая прочими пищевыми продуктами,46.38.2,2024.0,0.0691588785046729
"Торговля оптовая гомогенизированными пищевыми продуктами, детским и диетическим питанием",46.38.21,2021.0,
"Торговля оптовая гомогенизированными пищевыми продуктами, детским и диетическим питанием",46.38.21,2022.0,0.17647058823529413
"Торговля оптовая гомогенизированными пищевыми продуктами, детским и диетическим питанием",46.38.21,2023.0,0.10526315789473684
"Торговля оптовая гомогенизированными пищевыми продуктами, детским и диетическим питанием",46.38.21,2024.0,0.047619047619047616
Торговля оптовая кормами для домашних животных,46.38.22,2021.0,
Торговля оптовая кормами для домашних животных,46.38.22,2022.0,0.06349206349206349
Торговля оптовая кормами для домашних животных,46.38.22,2023.0,0.012987012987012988
Торговля оптовая кормами для домашних животных,46.38.22,2024.0,0.05333333333333334
Торговля оптовая мукой и макаронными изделиями,46.38.23,2021.0,0.043478260869565216
Торговля оптовая мукой и макаронными изделиями,46.38.23,2022.0,0.05
Торговля оптовая мукой и макаронными изделиями,46.38.23,2023.0,0.08695652173913043
Торговля оптовая мукой и макаронными изделиями,46.38.23,2024.0,
Торговля оптовая крупами,46.38.24,2021.0,
Торговля оптовая крупами,46.38.24,2022.0,0.09090909090909091
Торговля оптовая крупами,46.38.24,2023.0,0.1
Торговля оптовая крупами,46.38.24,2024.0,0.05263157894736842
Торговля оптовая солью,46.38.25,2021.0,
Торговля оптовая солью,46.38.25,2022.0,
Торговля оптовая солью,46.38.25,2023.0,0.1
Торговля оптовая солью,46.38.25,2024.0,0.06666666666666667
Торговля оптовая мороженым и замороженными десертами,46.38.26,2021.0,
Торговля оптовая мороженым и замороженными десертами,46.38.26,2022.0,
Торговля оптовая мороженым и замороженными десертами,46.38.26,2023.0,
Торговля оптовая мороженым и замороженными десертами,46.38.26,2024.0,
"Торговля оптовая прочими пищевыми продуктами, не включенными в другие группировки",46.38.29,2021.0,0.10727969348659004
"Торговля оптовая прочими пищевыми продуктами, не включенными в другие группировки",46.38.29,2022.0,0.14393939393939395
"Торговля оптовая прочими пищевыми продуктами, не включенными в другие группировки",46.38.29,2023.0,0.0781758957654723
"Торговля оптовая прочими пищевыми продуктами, не включенными в другие группировки",46.38.29,2024.0,0.08620689655172414
"Торговля оптовая неспециализированная пищевыми продуктами, напитками и табачными изделиями",46.39,2021.0,0.13191489361702127
"Торговля оптовая неспециализированная пищевыми продуктами, напитками и табачными изделиями",46.39,2022.0,0.13114754098360656
"Торговля оптовая неспециализированная пищевыми продуктами, напитками и табачными изделиями",46.39,2023.0,0.11020408163265306
"Торговля оптовая неспециализированная пищевыми продуктами, напитками и табачными изделиями",46.39,2024.0,0.08225108225108226
Торговля оптовая неспециализированная замороженными пищевыми продуктами,46.39.1,2021.0,0.05263157894736842
Торговля оптовая неспециализированная замороженными пищевыми продуктами,46.39.1,2022.0,0.05555555555555555
Торговля оптовая неспециализированная замороженными пищевыми продуктами,46.39.1,2023.0,0.15
Торговля оптовая неспециализированная замороженными пищевыми продуктами,46.39.1,2024.0,
"Торговля оптовая неспециализированная незамороженными пищевыми продуктами, напитками и табачными изделиями",46.39.2,2021.0,0.17647058823529413
"Торговля оптовая неспециализированная незамороженными пищевыми продуктами, напитками и табачными изделиями",46.39.2,2022.0,0.15625
"Торговля оптовая неспециализированная незамороженными пищевыми продуктами, напитками и табачными изделиями",46.39.2,2023.0,0.23076923076923078
"Торговля оптовая неспециализированная незамороженными пищевыми продуктами, напитками и табачными изделиями",46.39.2,2024.0,0.13333333333333333
Торговля оптовая непродовольственными потребительскими товарами,46.4,2021.0,0.054488023163990526
Торговля оптовая непродовольственными потребительскими товарами,46.4,2022.0,0.06896551724137931
Торговля оптовая непродовольственными потребительскими товарами,46.4,2023.0,0.033316757831924414
Торговля оптовая непродовольственными потребительскими товарами,46.4,2024.0,0.03889828460980913
Торговля оптовая текстильными изделиями,46.41,2021.0,0.04132231404958678
Торговля оптовая текстильными изделиями,46.41,2022.0,0.06306306306306306
Торговля оптовая текстильными изделиями,46.41,2023.0,0.03875968992248062
Торговля оптовая текстильными изделиями,46.41,2024.0,0.027972027972027972
"Торговля оптовая текстильными изделиями, кроме текстильных галантерейных изделий",46.41.1,2021.0,
"Торговля оптовая текстильными изделиями, кроме текстильных галантерейных изделий",46.41.1,2022.0,0.021739130434782608
"Торговля оптовая текстильными изделиями, кроме текстильных галантерейных изделий",46.41.1,2023.0,0.021739130434782608
"Торговля оптовая текстильными изделиями, кроме текстильных галантерейных изделий",46.41.1,2024.0,0.03225806451612903
Торговля оптовая галантерейными изделиями,46.41.2,2021.0,
Торговля оптовая галантерейными изделиями,46.41.2,2022.0,0.16666666666666666
Торговля оптовая галантерейными изделиями,46.41.2,2023.0,0.2857142857142857
Торговля оптовая галантерейными изделиями,46.41.2,2024.0,
Торговля оптовая одеждой и обувью,46.42,2021.0,0.03225806451612903
Торговля оптовая одеждой и обувью,46.42,2022.0,0.016778523489932886
Торговля оптовая одеждой и обувью,46.42,2023.0,0.0160857908847185
Торговля оптовая одеждой и обувью,46.42,2024.0,0.08196721311475409
Торговля оптовая одеждой,46.42.1,2021.0,0.023923444976076555
Торговля оптовая одеждой,46.42.1,2022.0,0.019138755980861243
Торговля оптовая одеждой,46.42.1,2023.0,0.008968609865470852
Торговля оптовая одеждой,46.42.1,2024.0,0.13953488372093023
"Торговля оптовая одеждой, включая спортивную, кроме нательного белья",46.42.11,2021.0,0.01639344262295082
"Торговля оптовая одеждой, включая спортивную, кроме нательного белья",46.42.11,2022.0,0.02185792349726776
"Торговля оптовая одеждой, включая спортивную, кроме нательного белья",46.42.11,2023.0,0.010362694300518135
"Торговля оптовая одеждой, включая спортивную, кроме нательного белья",46.42.11,2024.0,0.15104166666666666
Торговля оптовая нательным бельем,46.42.12,2021.0,0.10526315789473684
Торговля оптовая нательным бельем,46.42.12,2022.0,
Торговля оптовая нательным бельем,46.42.12,2023.0,
Торговля оптовая нательным бельем,46.42.12,2024.0,0.05263157894736842
Торговля оптовая изделиями из меха,46.42.13,2021.0,
Торговля оптовая изделиями из меха,46.42.13,2023.0,
"Торговля оптовая аксессуарами одежды и головными уборами, кроме меховых",46.42.14,2021.0,
"Торговля оптовая аксессуарами одежды и головными уборами, кроме меховых",46.42.14,2022.0,
"Торговля оптовая аксессуарами одежды и головными уборами, кроме меховых",46.42.14,2023.0,
"Торговля оптовая аксессуарами одежды и головными уборами, кроме меховых",46.42.14,2024.0,
Торговля оптовая обувью,46.42.2,2021.0,
Торговля оптовая обувью,46.42.2,2022.0,
Торговля оптовая обувью,46.42.2,2023.0,0.13043478260869565
Торговля оптовая обувью,46.42.2,2024.0,0.02247191011235955
Торговля оптовая бытовыми электротоварами,46.43,2021.0,0.011299435028248588
Торговля оптовая бытовыми электротоварами,46.43,2022.0,0.039603960396039604
Торговля оптовая бытовыми электротоварами,46.43,2023.0,0.018803418803418803
Торговля оптовая бытовыми электротоварами,46.43,2024.0,0.035842293906810034
Торговля оптовая электрической бытовой техникой,46.43.1,2021.0,0.010238907849829351
Торговля оптовая электрической бытовой техникой,46.43.1,2022.0,0.017605633802816902
Торговля оптовая электрической бытовой техникой,46.43.1,2023.0,0.016025641025641024
Торговля оптовая электрической бытовой техникой,46.43.1,2024.0,0.030303030303030304
"Торговля оптовая радио-, теле- и видеоаппаратурой и аппаратурой для цифровых видеодисков (DVD)",46.43.2,2021.0,0.017857142857142856
"Торговля оптовая радио-, теле- и видеоаппаратурой и аппаратурой для цифровых видеодисков (DVD)",46.43.2,2022.0,0.0392156862745098
"Торговля оптовая радио-, теле- и видеоаппаратурой и аппаратурой для цифровых видеодисков (DVD)",46.43.2,2023.0,
"Торговля оптовая радио-, теле- и видеоаппаратурой и аппаратурой для цифровых видеодисков (DVD)",46.43.2,2024.0,0.017857142857142856
"Торговля оптовая грампластинками, аудио- и видеомагнитными лентами, компакт-дисками (CD) и цифровыми видеодисками (DVD) (кроме носителей без записей)",46.43.3,2021.0,
"Торговля оптовая грампластинками, аудио- и видеомагнитными лентами, компакт-дисками (CD) и цифровыми видеодисками (DVD) (кроме носителей без записей)",46.43.3,2022.0,
"Торговля оптовая грампластинками, аудио- и видеомагнитными лентами, компакт-дисками (CD) и цифровыми видеодисками (DVD) (кроме носителей без записей)",46.43.3,2023.0,
"Торговля оптовая грампластинками, аудио- и видеомагнитными лентами, компакт-дисками (CD) и цифровыми видеодисками (DVD) (кроме носителей без записей)",46.43.3,2024.0,
Торговля оптовая фототоварами и оптическими товарами,46.43.4,2021.0,
Торговля оптовая фототоварами и оптическими товарами,46.43.4,2022.0,
Торговля оптовая фототоварами и оптическими товарами,46.43.4,2023.0,0.125
Торговля оптовая фототоварами и оптическими товарами,46.43.4,2024.0,0.08333333333333333
Торговля оптовая изделиями из керамики и стекла и чистящими средствами,46.44,2021.0,0.026041666666666668
Торговля оптовая изделиями из керамики и стекла и чистящими средствами,46.44,2022.0,0.0625
Торговля оптовая изделиями из керамики и стекла и чистящими средствами,46.44,2023.0,
Торговля оптовая изделиями из керамики и стекла и чистящими средствами,46.44,2024.0,0.015789473684210527
Торговля оптовая изделиями из керамики и стекла,46.44.1,2021.0,0.04081632653061224
Торговля оптовая изделиями из керамики и стекла,46.44.1,2022.0,0.05660377358490566
Торговля оптовая изделиями из керамики и стекла,46.44.1,2023.0,
Торговля оптовая изделиями из керамики и стекла,46.44.1,2024.0,0.03389830508474576
Торговля оптовая чистящими средствами,46.44.2,2021.0,0.010416666666666666
Торговля оптовая чистящими средствами,46.44.2,2022.0,0.06329113924050633
Торговля оптовая чистящими средствами,46.44.2,2023.0,
Торговля оптовая чистящими средствами,46.44.2,2024.0,
Торговля оптовая парфюмерными и косметическими товарами,46.45,2021.0,0.052434456928838954
Торговля оптовая парфюмерными и косметическими товарами,46.45,2022.0,0.07092198581560284
Торговля оптовая парфюмерными и косметическими товарами,46.45,2023.0,0.03296703296703297
Торговля оптовая парфюмерными и косметическими товарами,46.45,2024.0,0.04460966542750929
"Торговля оптовая парфюмерными и косметическими товарами, кроме мыла",46.45.1,2021.0,0.05429864253393665
"Торговля оптовая парфюмерными и косметическими товарами, кроме мыла",46.45.1,2022.0,0.08333333333333333
"Торговля оптовая парфюмерными и косметическими товарами, кроме мыла",46.45.1,2023.0,0.025974025974025976
"Торговля оптовая парфюмерными и косметическими товарами, кроме мыла",46.45.1,2024.0,0.046610169491525424
Торговля оптовая туалетным и хозяйственным мылом,46.45.2,2021.0,
Торговля оптовая туалетным и хозяйственным мылом,46.45.2,2022.0,
Торговля оптовая туалетным и хозяйственным мылом,46.45.2,2023.0,0.25
Торговля оптовая туалетным и хозяйственным мылом,46.45.2,2024.0,0.25
Торговля оптовая фармацевтической продукцией,46.46,2021.0,0.09861212563915267
Торговля оптовая фармацевтической продукцией,46.46,2022.0,0.09496810772501772
Торговля оптовая фармацевтической продукцией,46.46,2023.0,0.042682926829268296
Торговля оптовая фармацевтической продукцией,46.46,2024.0,0.03416557161629435
Торговля оптовая фармацевтической продукцией,46.46.1,2021.0,0.08917197452229299
Торговля оптовая фармацевтической продукцией,46.46.1,2022.0,0.07373271889400922
Торговля оптовая фармацевтической продукцией,46.46.1,2023.0,0.049490538573508006
Торговля оптовая фармацевтической продукцией,46.46.1,2024.0,0.04395604395604396
"Торговля оптовая изделиями, применяемыми в медицинских целях",46.46.2,2021.0,0.04285714285714286
"Торговля оптовая изделиями, применяемыми в медицинских целях",46.46.2,2022.0,0.04739336492890995
"Торговля оптовая изделиями, применяемыми в медицинских целях",46.46.2,2023.0,0.027906976744186046
"Торговля оптовая изделиями, применяемыми в медицинских целях",46.46.2,2024.0,0.008620689655172414
"Торговля оптовая мебелью, коврами и осветительным оборудованием",46.47,2021.0,0.031446540880503145
"Торговля оптовая мебелью, коврами и осветительным оборудованием",46.47,2022.0,0.06802721088435375
"Торговля оптовая мебелью, коврами и осветительным оборудованием",46.47,2023.0,0.013605442176870748
"Торговля оптовая мебелью, коврами и осветительным оборудованием",46.47,2024.0,0.09420289855072464
Торговля оптовая бытовой мебелью,46.47.1,2021.0,0.02564102564102564
Торговля оптовая бытовой мебелью,46.47.1,2022.0,
Торговля оптовая бытовой мебелью,46.47.1,2023.0,0.05
Торговля оптовая бытовой мебелью,46.47.1,2024.0,
Торговля оптовая осветительным оборудованием,46.47.2,2021.0,
Торговля оптовая осветительным оборудованием,46.47.2,2022.0,0.14285714285714285
Торговля оптовая осветительным оборудованием,46.47.2,2023.0,
Торговля оптовая осветительным оборудованием,46.47.2,2024.0,
Торговля оптовая коврами и ковровыми изделиями,46.47.3,2021.0,0.05555555555555555
Торговля оптовая коврами и ковровыми изделиями,46.47.3,2022.0,0.25
Торговля оптовая коврами и ковровыми изделиями,46.47.3,2023.0,
Торговля оптовая коврами и ковровыми изделиями,46.47.3,2024.0,0.125
Торговля оптовая часами и ювелирными изделиями,46.48,2021.0,0.02702702702702703
Торговля оптовая часами и ювелирными изделиями,46.48,2022.0,0.038461538461538464
Торговля оптовая часами и ювелирными изделиями,46.48,2023.0,
Торговля оптовая часами и ювелирными изделиями,46.48,2024.0,0.28
Торговля оптовая ювелирными изделиями,46.48.2,2021.0,
Торговля оптовая ювелирными изделиями,46.48.2,2022.0,
Торговля оптовая ювелирными изделиями,46.48.2,2023.0,
Торговля оптовая ювелирными изделиями,46.48.2,2024.0,0.14285714285714285
Торговля оптовая прочими бытовыми товарами,46.49,2021.0,0.03198031980319803
Торговля оптовая прочими бытовыми товарами,46.49,2022.0,0.06349206349206349
Торговля оптовая прочими бытовыми товарами,46.49,2023.0,0.04668304668304668
Торговля оптовая прочими бытовыми товарами,46.49,2024.0,0.01730103806228374
Торговля оптовая ножевыми изделиями и бытовой металлической посудой,46.49.1,2021.0,
Торговля оптовая ножевыми изделиями и бытовой металлической посудой,46.49.1,2022.0,0.16666666666666666
Торговля оптовая ножевыми изделиями и бытовой металлической посудой,46.49.1,2023.0,0.16666666666666666
Торговля оптовая ножевыми изделиями и бытовой металлической посудой,46.49.1,2024.0,
"Торговля оптовая плетеными изделиями, изделиями из пробки, бондарными изделиями и прочими бытовыми деревянными изделиями",46.49.2,2021.0,
"Торговля оптовая плетеными изделиями, изделиями из пробки, бондарными изделиями и прочими бытовыми деревянными изделиями",46.49.2,2022.0,
"Торговля оптовая книгами, газетами и журналами, писчебумажными и канцелярскими товарами",46.49.3,2021.0,0.0234375
"Торговля оптовая книгами, газетами и журналами, писчебумажными и канцелярскими товарами",46.49.3,2022.0,0.09649122807017543
"Торговля оптовая книгами, газетами и журналами, писчебумажными и канцелярскими товарами",46.49.3,2023.0,0.06474820143884892
"Торговля оптовая книгами, газетами и журналами, писчебумажными и канцелярскими товарами",46.49.3,2024.0,0.007462686567164179
Торговля оптовая книгами,46.49.31,2021.0,
Торговля оптовая книгами,46.49.31,2022.0,
Торговля оптовая книгами,46.49.31,2023.0,
Торговля оптовая книгами,46.49.31,2024.0,
Торговля оптовая газетами и журналами,46.49.32,2021.0,
Торговля оптовая газетами и журналами,46.49.32,2022.0,0.125
Торговля оптовая газетами и журналами,46.49.32,2023.0,0.09090909090909091
Торговля оптовая газетами и журналами,46.49.32,2024.0,
Торговля оптовая писчебумажными и канцелярскими товарами,46.49.33,2021.0,0.04285714285714286
Торговля оптовая писчебумажными и канцелярскими товарами,46.49.33,2022.0,0.13513513513513514
Торговля оптовая писчебумажными и канцелярскими товарами,46.49.33,2023.0,0.10126582278481013
Торговля оптовая писчебумажными и канцелярскими товарами,46.49.33,2024.0,0.01282051282051282
Торговля оптовая прочими потребительскими товарами,46.49.4,2021.0,0.03617571059431524
Торговля оптовая прочими потребительскими товарами,46.49.4,2022.0,0.05339805825242718
Торговля оптовая прочими потребительскими товарами,46.49.4,2023.0,0.037383177570093455
Торговля оптовая прочими потребительскими товарами,46.49.4,2024.0,0.0196078431372549
Торговля оптовая музыкальными инструментами и нотными изданиями,46.49.41,2021.0,
Торговля оптовая музыкальными инструментами и нотными изданиями,46.49.41,2022.0,
Торговля оптовая музыкальными инструментами и нотными изданиями,46.49.41,2023.0,
Торговля оптовая музыкальными инструментами и нотными изданиями,46.49.41,2024.0,0.125
Торговля оптовая играми и игрушками,46.49.42,2021.0,0.058823529411764705
Торговля оптовая играми и игрушками,46.49.42,2022.0,0.125
Торговля оптовая играми и игрушками,46.49.42,2023.0,0.05714285714285714
Торговля оптовая играми и игрушками,46.49.42,2024.0,
"Торговля оптовая спортивными товарами, включая велосипеды",46.49.43,2021.0,0.06382978723404255
"Торговля оптовая спортивными товарами, включая велосипеды",46.49.43,2022.0,0.12
"Торговля оптовая спортивными товарами, включая велосипеды",46.49.43,2023.0,
"Торговля оптовая спортивными товарами, включая велосипеды",46.49.43,2024.0,
Торговля оптовая изделиями из кожи и дорожными аксессуарами,46.49.44,2021.0,
Торговля оптовая изделиями из кожи и дорожными аксессуарами,46.49.44,2022.0,
Торговля оптовая изделиями из кожи и дорожными аксессуарами,46.49.44,2023.0,
Торговля оптовая изделиями из кожи и дорожными аксессуарами,46.49.44,2024.0,
"Торговля оптовая прочими потребительскими товарами, не включенными в другие группировки",46.49.49,2021.0,0.03125
"Торговля оптовая прочими потребительскими товарами, не включенными в другие группировки",46.49.49,2022.0,0.0425531914893617
"Торговля оптовая прочими потребительскими товарами, не включенными в другие группировки",46.49.49,2023.0,0.03757225433526012
"Торговля оптовая прочими потребительскими товарами, не включенными в другие группировки",46.49.49,2024.0,0.0213903743315508
Торговля оптовая неэлектрическими бытовыми приборами,46.49.5,2021.0,
Торговля оптовая неэлектрическими бытовыми приборами,46.49.5,2022.0,
Торговля оптовая информационным и коммуникационным оборудованием,46.5,2021.0,0.04555808656036447
Торговля оптовая информационным и коммуникационным оборудованием,46.5,2022.0,0.07111111111111111
Торговля оптовая информационным и коммуникационным оборудованием,46.5,2023.0,0.03740157480314961
Торговля оптовая информационным и коммуникационным оборудованием,46.5,2024.0,0.02773246329526917
"Торговля оптовая компьютерами, периферийными устройствами к компьютерам и программным обеспечением",46.51,2021.0,0.04013377926421405
"Торговля оптовая компьютерами, периферийными устройствами к компьютерам и программным обеспечением",46.51,2022.0,0.08783783783783784
"Торговля оптовая компьютерами, периферийными устройствами к компьютерам и программным обеспечением",46.51,2023.0,0.03151862464183381
"Торговля оптовая компьютерами, периферийными устройствами к компьютерам и программным обеспечением",46.51,2024.0,0.022222222222222223
Торговля оптовая компьютерами и периферийными устройствами,46.51.1,2021.0,0.08695652173913043
Торговля оптовая компьютерами и периферийными устройствами,46.51.1,2022.0,0.08602150537634409
Торговля оптовая компьютерами и периферийными устройствами,46.51.1,2023.0,0.04672897196261682
Торговля оптовая компьютерами и периферийными устройствами,46.51.1,2024.0,0.03597122302158273
Торговля оптовая программным обеспечением,46.51.2,2021.0,0.020833333333333332
Торговля оптовая программным обеспечением,46.51.2,2022.0,0.0851063829787234
Торговля оптовая программным обеспечением,46.51.2,2023.0,0.03225806451612903
Торговля оптовая программным обеспечением,46.51.2,2024.0,
Торговля оптовая электронным и телекоммуникационным оборудованием и его запасными частями,46.52,2021.0,0.05714285714285714
Торговля оптовая электронным и телекоммуникационным оборудованием и его запасными частями,46.52,2022.0,0.03896103896103896
Торговля оптовая электронным и телекоммуникационным оборудованием и его запасными частями,46.52,2023.0,0.050314465408805034
Торговля оптовая электронным и телекоммуникационным оборудованием и его запасными частями,46.52,2024.0,0.038461538461538464
Торговля оптовая телекоммуникационным оборудованием и его запасными частями,46.52.1,2021.0,0.034482758620689655
Торговля оптовая телекоммуникационным оборудованием и его запасными частями,46.52.1,2022.0,0.030303030303030304
Торговля оптовая телекоммуникационным оборудованием и его запасными частями,46.52.1,2023.0,0.034482758620689655
Торговля оптовая телекоммуникационным оборудованием и его запасными частями,46.52.1,2024.0,0.037037037037037035
Торговля оптовая электронным оборудованием и его запасными частями,46.52.2,2021.0,0.03773584905660377
Торговля оптовая электронным оборудованием и его запасными частями,46.52.2,2022.0,0.038461538461538464
Торговля оптовая электронным оборудованием и его запасными частями,46.52.2,2023.0,0.03278688524590164
Торговля оптовая электронным оборудованием и его запасными частями,46.52.2,2024.0,0.029411764705882353
"Торговля оптовая аудио- и видеомагнитными лентами и дискетами, магнитными и оптическими дисками, компакт-дисками (CD), цифровыми видеодисками (DVD) и прочими техническими носителями информации без записей",46.52.3,2021.0,1.0
"Торговля оптовая аудио- и видеомагнитными лентами и дискетами, магнитными и оптическими дисками, компакт-дисками (CD), цифровыми видеодисками (DVD) и прочими техническими носителями информации без записей",46.52.3,2022.0,0.5
"Торговля оптовая аудио- и видеомагнитными лентами и дискетами, магнитными и оптическими дисками, компакт-дисками (CD), цифровыми видеодисками (DVD) и прочими техническими носителями информации без записей",46.52.3,2023.0,1.0
"Торговля оптовая аудио- и видеомагнитными лентами и дискетами, магнитными и оптическими дисками, компакт-дисками (CD), цифровыми видеодисками (DVD) и прочими техническими носителями информации без записей",46.52.3,2024.0,0.5
"Торговля оптовая прочими машинами, оборудованием и принадлежностями",46.6,2021.0,0.03388681802778719
"Торговля оптовая прочими машинами, оборудованием и принадлежностями",46.6,2022.0,0.07724867724867725
"Торговля оптовая прочими машинами, оборудованием и принадлежностями",46.6,2023.0,0.02888086642599278
"Торговля оптовая прочими машинами, оборудованием и принадлежностями",46.6,2024.0,0.026204819277108434
"Торговля оптовая машинами, оборудованием и инструментами для сельского хозяйства",46.61,2021.0,0.07323232323232323
"Торговля оптовая машинами, оборудованием и инструментами для сельского хозяйства",46.61,2022.0,0.1393643031784841
"Торговля оптовая машинами, оборудованием и инструментами для сельского хозяйства",46.61,2023.0,0.023060796645702306
"Торговля оптовая машинами, оборудованием и инструментами для сельского хозяйства",46.61,2024.0,0.015473887814313346
"Торговля оптовая сельскохозяйственными и лесохозяйственными машинами, оборудованием и инструментами, включая тракторы",46.61.1,2021.0,0.07476635514018691
"Торговля оптовая сельскохозяйственными и лесохозяйственными машинами, оборудованием и инструментами, включая тракторы",46.61.1,2022.0,0.14728682170542637
"Торговля оптовая сельскохозяйственными и лесохозяйственными машинами, оборудованием и инструментами, включая тракторы",46.61.1,2023.0,0.025157232704402517
"Торговля оптовая сельскохозяйственными и лесохозяйственными машинами, оборудованием и инструментами, включая тракторы",46.61.1,2024.0,0.011494252873563218
Торговля оптовая садово-огородной техникой и инвентарем,46.61.2,2021.0,0.047619047619047616
Торговля оптовая садово-огородной техникой и инвентарем,46.61.2,2022.0,
Торговля оптовая садово-огородной техникой и инвентарем,46.61.2,2023.0,
Торговля оптовая садово-огородной техникой и инвентарем,46.61.2,2024.0,
Торговля оптовая станками,46.62,2021.0,0.048
Торговля оптовая станками,46.62,2022.0,0.05343511450381679
Торговля оптовая станками,46.62,2023.0,0.028368794326241134
Торговля оптовая станками,46.62,2024.0,0.01764705882352941
Торговля оптовая деревообрабатывающими станками,46.62.1,2021.0,0.18181818181818182
Торговля оптовая деревообрабатывающими станками,46.62.1,2022.0,0.5
Торговля оптовая деревообрабатывающими станками,46.62.1,2023.0,0.125
Торговля оптовая деревообрабатывающими станками,46.62.1,2024.0,
Торговля оптовая металлообрабатывающими станками,46.62.2,2021.0,0.02702702702702703
Торговля оптовая металлообрабатывающими станками,46.62.2,2022.0,0.0196078431372549
Торговля оптовая металлообрабатывающими станками,46.62.2,2023.0,0.02
Торговля оптовая металлообрабатывающими станками,46.62.2,2024.0,0.015873015873015872
Торговля оптовая станками для обработки прочих материалов,46.62.3,2021.0,
Торговля оптовая станками для обработки прочих материалов,46.62.3,2022.0,
Торговля оптовая станками для обработки прочих материалов,46.62.3,2023.0,
Торговля оптовая станками для обработки прочих материалов,46.62.3,2024.0,
Торговля оптовая машинами и оборудованием для добычи полезных ископаемых и строительства,46.63,2021.0,0.06785714285714285
Торговля оптовая машинами и оборудованием для добычи полезных ископаемых и строительства,46.63,2022.0,0.04938271604938271
Торговля оптовая машинами и оборудованием для добычи полезных ископаемых и строительства,46.63,2023.0,0.018957345971563982
Торговля оптовая машинами и оборудованием для добычи полезных ископаемых и строительства,46.63,2024.0,0.004081632653061225
"Торговля оптовая машинами и оборудованием для текстильного, швейного и трикотажного производств",46.64,2021.0,
"Торговля оптовая машинами и оборудованием для текстильного, швейного и трикотажного производств",46.64,2022.0,0.2
"Торговля оптовая машинами и оборудованием для текстильного, швейного и трикотажного производств",46.64,2023.0,0.14285714285714285
"Торговля оптовая машинами и оборудованием для текстильного, швейного и трикотажного производств",46.64,2024.0,
Торговля оптовая офисной мебелью,46.65,2021.0,0.043478260869565216
Торговля оптовая офисной мебелью,46.65,2022.0,0.041666666666666664
Торговля оптовая офисной мебелью,46.65,2023.0,0.04
Торговля оптовая офисной мебелью,46.65,2024.0,
Торговля оптовая прочей офисной техникой и оборудованием,46.66,2021.0,0.03508771929824561
Торговля оптовая прочей офисной техникой и оборудованием,46.66,2022.0,0.07272727272727272
Торговля оптовая прочей офисной техникой и оборудованием,46.66,2023.0,0.07920792079207921
Торговля оптовая прочей офисной техникой и оборудованием,46.66,2024.0,0.12903225806451613
Торговля оптовая прочими машинами и оборудованием,46.69,2021.0,0.020813165537270088
Торговля оптовая прочими машинами и оборудованием,46.69,2022.0,0.06961382113821138
Торговля оптовая прочими машинами и оборудованием,46.69,2023.0,0.028297362110311752
Торговля оптовая прочими машинами и оборудованием,46.69,2024.0,0.029219363279546447
"Торговля оптовая транспортными средствами, кроме автомобилей, мотоциклов и велосипедов",46.69.1,2021.0,
"Торговля оптовая транспортными средствами, кроме автомобилей, мотоциклов и велосипедов",46.69.1,2022.0,0.06896551724137931
"Торговля оптовая транспортными средствами, кроме автомобилей, мотоциклов и велосипедов",46.69.1,2023.0,
"Торговля оптовая транспортными средствами, кроме автомобилей, мотоциклов и велосипедов",46.69.1,2024.0,0.0847457627118644
Торговля оптовая эксплуатационными материалами и принадлежностями машин,46.69.2,2021.0,0.013452914798206279
Торговля оптовая эксплуатационными материалами и принадлежностями машин,46.69.2,2022.0,0.027906976744186046
Торговля оптовая эксплуатационными материалами и принадлежностями машин,46.69.2,2023.0,
Торговля оптовая эксплуатационными материалами и принадлежностями машин,46.69.2,2024.0,0.02459016393442623
Торговля оптовая подъемно-транспортными машинами и оборудованием,46.69.3,2021.0,0.027522935779816515
Торговля оптовая подъемно-транспортными машинами и оборудованием,46.69.3,2022.0,0.056910569105691054
Торговля оптовая подъемно-транспортными машинами и оборудованием,46.69.3,2023.0,0.007352941176470588
Торговля оптовая подъемно-транспортными машинами и оборудованием,46.69.3,2024.0,0.016129032258064516
"Торговля оптовая машинами и оборудованием для производства пищевых продуктов, напитков и табачных изделий",46.69.4,2021.0,
"Торговля оптовая машинами и оборудованием для производства пищевых продуктов, напитков и табачных изделий",46.69.4,2022.0,0.05194805194805195
"Торговля оптовая машинами и оборудованием для производства пищевых продуктов, напитков и табачных изделий",46.69.4,2023.0,0.08974358974358974
"Торговля оптовая машинами и оборудованием для производства пищевых продуктов, напитков и табачных изделий",46.69.4,2024.0,0.021505376344086023
"Торговля оптовая производственным электротехническим оборудованием, машинами, аппаратурой и материалами",46.69.5,2021.0,0.024074074074074074
"Торговля оптовая производственным электротехническим оборудованием, машинами, аппаратурой и материалами",46.69.5,2022.0,0.13052208835341367
"Торговля оптовая производственным электротехническим оборудованием, машинами, аппаратурой и материалами",46.69.5,2023.0,0.052830188679245285
"Торговля оптовая производственным электротехническим оборудованием, машинами, аппаратурой и материалами",46.69.5,2024.0,0.0416
Торговля оптовая оружием и боеприпасами,46.69.6,2021.0,
Торговля оптовая оружием и боеприпасами,46.69.6,2022.0,
Торговля оптовая оружием и боеприпасами,46.69.6,2023.0,
Торговля оптовая оружием и боеприпасами,46.69.6,2024.0,
Торговля оптовая измерительными приборами и оборудованием,46.69.7,2021.0,
Торговля оптовая измерительными приборами и оборудованием,46.69.7,2022.0,
Торговля оптовая измерительными приборами и оборудованием,46.69.7,2023.0,
Торговля оптовая измерительными приборами и оборудованием,46.69.7,2024.0,
"Торговля оптовая техникой, оборудованием и инструментами, применяемыми в медицинских целях",46.69.8,2021.0,0.0625
"Торговля оптовая техникой, оборудованием и инструментами, применяемыми в медицинских целях",46.69.8,2022.0,0.10638297872340426
"Торговля оптовая техникой, оборудованием и инструментами, применяемыми в медицинских целях",46.69.8,2023.0,
"Торговля оптовая техникой, оборудованием и инструментами, применяемыми в медицинских целях",46.69.8,2024.0,0.041666666666666664
"Торговля оптовая прочими машинами, приборами, аппаратурой и оборудованием общепромышленного и специального назначения",46.69.9,2021.0,0.02119205298013245
"Торговля оптовая прочими машинами, приборами, аппаратурой и оборудованием общепромышленного и специального назначения",46.69.9,2022.0,0.03674540682414698
"Торговля оптовая прочими машинами, приборами, аппаратурой и оборудованием общепромышленного и специального назначения",46.69.9,2023.0,0.017543859649122806
"Торговля оптовая прочими машинами, приборами, аппаратурой и оборудованием общепромышленного и специального назначения",46.69.9,2024.0,0.01707317073170732
Торговля оптовая специализированная прочая,46.7,2021.0,0.023661270236612703
Торговля оптовая специализированная прочая,46.7,2022.0,0.053908891983290234
Торговля оптовая специализированная прочая,46.7,2023.0,0.0310192023633678
Торговля оптовая специализированная прочая,46.7,2024.0,0.032070429177802236
"Торговля оптовая твердым, жидким и газообразным топливом и подобными продуктами",46.71,2021.0,0.023031203566121844
"Торговля оптовая твердым, жидким и газообразным топливом и подобными продуктами",46.71,2022.0,0.044412607449856735
"Торговля оптовая твердым, жидким и газообразным топливом и подобными продуктами",46.71,2023.0,0.02400548696844993
"Торговля оптовая твердым, жидким и газообразным топливом и подобными продуктами",46.71,2024.0,0.034973325429756966
Торговля оптовая твердым топливом,46.71.1,2021.0,0.030303030303030304
Торговля оптовая твердым топливом,46.71.1,2022.0,0.08620689655172414
Торговля оптовая твердым топливом,46.71.1,2023.0,0.046875
Торговля оптовая твердым топливом,46.71.1,2024.0,0.02564102564102564
"Торговля оптовая моторным топливом, включая авиационный бензин",46.71.2,2021.0,0.03464203233256351
"Торговля оптовая моторным топливом, включая авиационный бензин",46.71.2,2022.0,0.04883720930232558
"Торговля оптовая моторным топливом, включая авиационный бензин",46.71.2,2023.0,0.027777777777777776
"Торговля оптовая моторным топливом, включая авиационный бензин",46.71.2,2024.0,0.028409090909090908
Торговля оптовая нефтью,46.71.3,2021.0,0.041666666666666664
Торговля оптовая нефтью,46.71.3,2022.0,0.03125
Торговля оптовая нефтью,46.71.3,2023.0,0.05405405405405406
Торговля оптовая нефтью,46.71.3,2024.0,0.05454545454545454
Торговля оптовая природным (естественным) газом,46.71.4,2021.0,0.03333333333333333
Торговля оптовая природным (естественным) газом,46.71.4,2022.0,0.045454545454545456
Торговля оптовая природным (естественным) газом,46.71.4,2023.0,
Торговля оптовая природным (естественным) газом,46.71.4,2024.0,0.033707865168539325
Торговля оптовая сжиженными углеводородными газами,46.71.5,2021.0,
Торговля оптовая сжиженными углеводородными газами,46.71.5,2022.0,
Торговля оптовая сжиженными углеводородными газами,46.71.5,2023.0,
Торговля оптовая сжиженными углеводородными газами,46.71.5,2024.0,0.038461538461538464
Торговля оптовая сжиженными углеводородными газами по не регулируемым государством ценам (тарифам),46.71.52,2021.0,
Торговля оптовая сжиженными углеводородными газами по не регулируемым государством ценам (тарифам),46.71.52,2022.0,
Торговля оптовая сжиженными углеводородными газами по не регулируемым государством ценам (тарифам),46.71.52,2023.0,
Торговля оптовая сжиженными углеводородными газами по не регулируемым государством ценам (тарифам),46.71.52,2024.0,
Торговля оптовая прочим топливом и подобными продуктами,46.71.9,2021.0,0.014285714285714285
Торговля оптовая прочим топливом и подобными продуктами,46.71.9,2022.0,0.031914893617021274
Торговля оптовая прочим топливом и подобными продуктами,46.71.9,2023.0,0.03292181069958848
Торговля оптовая прочим топливом и подобными продуктами,46.71.9,2024.0,0.06069364161849711
Торговля оптовая металлами и металлическими рудами,46.72,2021.0,0.02346041055718475
Торговля оптовая металлами и металлическими рудами,46.72,2022.0,0.056657223796033995
Торговля оптовая металлами и металлическими рудами,46.72,2023.0,0.049429657794676805
Торговля оптовая металлами и металлическими рудами,46.72,2024.0,0.052749719416386086
Торговля оптовая металлическими рудами,46.72.1,2021.0,0.04054054054054054
Торговля оптовая металлическими рудами,46.72.1,2022.0,0.125
Торговля оптовая металлическими рудами,46.72.1,2023.0,
Торговля оптовая металлическими рудами,46.72.1,2024.0,0.025974025974025976
Торговля оптовая железными рудами,46.72.11,2021.0,
Торговля оптовая железными рудами,46.72.11,2022.0,
Торговля оптовая железными рудами,46.72.11,2023.0,
Торговля оптовая железными рудами,46.72.11,2024.0,
Торговля оптовая рудами цветных металлов,46.72.12,2021.0,
Торговля оптовая металлами в первичных формах,46.72.2,2021.0,0.02203856749311295
Торговля оптовая металлами в первичных формах,46.72.2,2022.0,0.0456989247311828
Торговля оптовая металлами в первичных формах,46.72.2,2023.0,0.08196721311475409
Торговля оптовая металлами в первичных формах,46.72.2,2024.0,0.08293838862559241
Торговля оптовая черными металлами в первичных формах,46.72.21,2021.0,0.022435897435897436
Торговля оптовая черными металлами в первичных формах,46.72.21,2022.0,0.025157232704402517
Торговля оптовая черными металлами в первичных формах,46.72.21,2023.0,0.08626198083067092
Торговля оптовая черными металлами в первичных формах,46.72.21,2024.0,0.09195402298850575
"Торговля оптовая цветными металлами в первичных формах, кроме драгоценных",46.72.22,2021.0,
"Торговля оптовая цветными металлами в первичных формах, кроме драгоценных",46.72.22,2022.0,0.07142857142857142
"Торговля оптовая цветными металлами в первичных формах, кроме драгоценных",46.72.22,2023.0,0.08333333333333333
"Торговля оптовая цветными металлами в первичных формах, кроме драгоценных",46.72.22,2024.0,
Торговля оптовая золотом и другими драгоценными металлами,46.72.23,2021.0,
Торговля оптовая золотом и другими драгоценными металлами,46.72.23,2022.0,
Торговля оптовая золотом и другими драгоценными металлами,46.72.23,2023.0,0.18181818181818182
Торговля оптовая золотом и другими драгоценными металлами,46.72.23,2024.0,0.25
"Торговля оптовая лесоматериалами, строительными материалами и санитарно-техническим оборудованием",46.73,2021.0,0.02437106918238994
"Торговля оптовая лесоматериалами, строительными материалами и санитарно-техническим оборудованием",46.73,2022.0,0.0645412130637636
"Торговля оптовая лесоматериалами, строительными материалами и санитарно-техническим оборудованием",46.73,2023.0,0.03483309143686502
"Торговля оптовая лесоматериалами, строительными материалами и санитарно-техническим оборудованием",46.73,2024.0,0.022914218566392478
Торговля оптовая древесным сырьем и необработанными лесоматериалами,46.73.1,2021.0,0.023809523809523808
Торговля оптовая древесным сырьем и необработанными лесоматериалами,46.73.1,2022.0,0.06521739130434782
Торговля оптовая древесным сырьем и необработанными лесоматериалами,46.73.1,2023.0,0.025
Торговля оптовая древесным сырьем и необработанными лесоматериалами,46.73.1,2024.0,0.023809523809523808
Торговля оптовая пиломатериалами,46.73.2,2021.0,0.125
Торговля оптовая пиломатериалами,46.73.2,2022.0,0.047619047619047616
Торговля оптовая пиломатериалами,46.73.2,2023.0,0.047619047619047616
Торговля оптовая пиломатериалами,46.73.2,2024.0,0.05
Торговля оптовая санитарно-техническим оборудованием,46.73.3,2021.0,0.010869565217391304
Торговля оптовая санитарно-техническим оборудованием,46.73.3,2022.0,0.05319148936170213
Торговля оптовая санитарно-техническим оборудованием,46.73.3,2023.0,0.07766990291262135
Торговля оптовая санитарно-техническим оборудованием,46.73.3,2024.0,0.024193548387096774
Торговля оптовая лакокрасочными материалами,46.73.4,2021.0,0.01910828025477707
Торговля оптовая лакокрасочными материалами,46.73.4,2022.0,0.046511627906976744
Торговля оптовая лакокрасочными материалами,46.73.4,2023.0,0.007575757575757576
Торговля оптовая лакокрасочными материалами,46.73.4,2024.0,0.013245033112582781
Торговля оптовая листовым стеклом,46.73.5,2021.0,
Торговля оптовая листовым стеклом,46.73.5,2022.0,
Торговля оптовая листовым стеклом,46.73.5,2023.0,0.07142857142857142
Торговля оптовая листовым стеклом,46.73.5,2024.0,
Торговля оптовая прочими строительными материалами и изделиями,46.73.6,2021.0,0.0136986301369863
Торговля оптовая прочими строительными материалами и изделиями,46.73.6,2022.0,0.08014571948998178
Торговля оптовая прочими строительными материалами и изделиями,46.73.6,2023.0,0.028622540250447227
Торговля оптовая прочими строительными материалами и изделиями,46.73.6,2024.0,0.014367816091954023
Торговля оптовая обоями,46.73.7,2021.0,0.13333333333333333
Торговля оптовая обоями,46.73.7,2022.0,0.16666666666666666
Торговля оптовая обоями,46.73.7,2023.0,0.06896551724137931
Торговля оптовая обоями,46.73.7,2024.0,0.034482758620689655
Торговля оптовая напольными покрытиями (кроме ковров),46.73.8,2021.0,
Торговля оптовая напольными покрытиями (кроме ковров),46.73.8,2022.0,
Торговля оптовая напольными покрытиями (кроме ковров),46.73.8,2023.0,
Торговля оптовая напольными покрытиями (кроме ковров),46.73.8,2024.0,0.26666666666666666
"Торговля оптовая скобяными изделиями, водопроводным и отопительным оборудованием и принадлежностями",46.74,2021.0,0.020050125313283207
"Торговля оптовая скобяными изделиями, водопроводным и отопительным оборудованием и принадлежностями",46.74,2022.0,0.09722222222222222
"Торговля оптовая скобяными изделиями, водопроводным и отопительным оборудованием и принадлежностями",46.74,2023.0,0.04329896907216495
"Торговля оптовая скобяными изделиями, водопроводным и отопительным оборудованием и принадлежностями",46.74,2024.0,0.056838365896980464
Торговля оптовая скобяными изделиями,46.74.1,2021.0,
Торговля оптовая скобяными изделиями,46.74.1,2022.0,0.17543859649122806
Торговля оптовая скобяными изделиями,46.74.1,2023.0,0.0684931506849315
Торговля оптовая скобяными изделиями,46.74.1,2024.0,0.011494252873563218
Торговля оптовая водопроводным и отопительным оборудованием и санитарно-технической арматурой,46.74.2,2021.0,0.014084507042253521
Торговля оптовая водопроводным и отопительным оборудованием и санитарно-технической арматурой,46.74.2,2022.0,0.12716763005780346
Торговля оптовая водопроводным и отопительным оборудованием и санитарно-технической арматурой,46.74.2,2023.0,0.032432432432432434
Торговля оптовая водопроводным и отопительным оборудованием и санитарно-технической арматурой,46.74.2,2024.0,0.1267605633802817
Торговля оптовая ручными инструментами,46.74.3,2021.0,0.031578947368421054
Торговля оптовая ручными инструментами,46.74.3,2022.0,0.041237113402061855
Торговля оптовая ручными инструментами,46.74.3,2023.0,0.01020408163265306
Торговля оптовая ручными инструментами,46.74.3,2024.0,0.011764705882352941
Торговля оптовая химическими продуктами,46.75,2021.0,0.02607361963190184
Торговля оптовая химическими продуктами,46.75,2022.0,0.03857142857142857
Торговля оптовая химическими продуктами,46.75,2023.0,0.013140604467805518
Торговля оптовая химическими продуктами,46.75,2024.0,0.024390243902439025
Торговля оптовая удобрениями и агрохимическими продуктами,46.75.1,2021.0,0.019011406844106463
Торговля оптовая удобрениями и агрохимическими продуктами,46.75.1,2022.0,0.029801324503311258
Торговля оптовая удобрениями и агрохимическими продуктами,46.75.1,2023.0,0.011661807580174927
Торговля оптовая удобрениями и агрохимическими продуктами,46.75.1,2024.0,0.02358490566037736
Торговля оптовая промышленными химикатами,46.75.2,2021.0,0.03503184713375796
Торговля оптовая промышленными химикатами,46.75.2,2022.0,0.05063291139240506
Торговля оптовая промышленными химикатами,46.75.2,2023.0,0.017543859649122806
Торговля оптовая промышленными химикатами,46.75.2,2024.0,0.02925531914893617
Торговля оптовая прочими промежуточными продуктами,46.76,2021.0,0.009523809523809525
Торговля оптовая прочими промежуточными продуктами,46.76,2022.0,0.048672566371681415
Торговля оптовая прочими промежуточными продуктами,46.76,2023.0,0.017391304347826087
Торговля оптовая прочими промежуточными продуктами,46.76,2024.0,0.015384615384615385
Торговля оптовая бумагой и картоном,46.76.1,2021.0,0.012658227848101266
Торговля оптовая бумагой и картоном,46.76.1,2022.0,0.02666666666666667
Торговля оптовая бумагой и картоном,46.76.1,2023.0,0.011764705882352941
Торговля оптовая бумагой и картоном,46.76.1,2024.0,0.009708737864077669
Торговля оптовая текстильными волокнами,46.76.2,2021.0,
Торговля оптовая текстильными волокнами,46.76.2,2022.0,0.0625
Торговля оптовая текстильными волокнами,46.76.2,2023.0,
Торговля оптовая текстильными волокнами,46.76.2,2024.0,
Торговля оптовая пластмассами и резиной в первичных формах,46.76.3,2021.0,0.02
Торговля оптовая пластмассами и резиной в первичных формах,46.76.3,2022.0,0.05
Торговля оптовая пластмассами и резиной в первичных формах,46.76.3,2023.0,0.03508771929824561
Торговля оптовая пластмассами и резиной в первичных формах,46.76.3,2024.0,0.01694915254237288
Торговля оптовая драгоценными камнями,46.76.4,2021.0,
Торговля оптовая драгоценными камнями,46.76.4,2022.0,0.2
Торговля оптовая драгоценными камнями,46.76.4,2023.0,
Торговля оптовая драгоценными камнями,46.76.4,2024.0,0.16666666666666666
Торговля оптовая отходами и ломом,46.77,2021.0,0.03501945525291829
Торговля оптовая отходами и ломом,46.77,2022.0,0.021352313167259787
Торговля оптовая отходами и ломом,46.77,2023.0,0.03492063492063492
Торговля оптовая отходами и ломом,46.77,2024.0,0.0028089887640449437
Торговля оптовая неспециализированная,46.90,2021.0,0.03584672435105068
Торговля оптовая неспециализированная,46.90,2022.0,0.03971271651880017
Торговля оптовая неспециализированная,46.90,2023.0,0.034358047016274866
Торговля оптовая неспециализированная,46.90,2024.0,0.02513747054202671
"Торговля розничная, кроме торговли автотранспортными средствами и мотоциклами",47,2021.0,0.28818810746572726
"Торговля розничная, кроме торговли автотранспортными средствами и мотоциклами",47,2022.0,0.29055151774262505
"Торговля розничная, кроме торговли автотранспортными средствами и мотоциклами",47,2023.0,0.25889619981200485
"Торговля розничная, кроме торговли автотранспортными средствами и мотоциклами",47,2024.0,0.23626463604356013
Торговля розничная в неспециализированных магазинах,47.1,2021.0,0.5739606412094357
Торговля розничная в неспециализированных магазинах,47.1,2022.0,0.56827080965012
Торговля розничная в неспециализированных магазинах,47.1,2023.0,0.5348927371413802
Торговля розничная в неспециализированных магазинах,47.1,2024.0,0.6678536345776032
"Торговля розничная преимущественно пищевыми продуктами, включая напитки, и табачными изделиями в неспециализированных магазинах",47.11,2021.0,0.7387140902872777
"Торговля розничная преимущественно пищевыми продуктами, включая напитки, и табачными изделиями в неспециализированных магазинах",47.11,2022.0,0.7111721020342266
"Торговля розничная преимущественно пищевыми продуктами, включая напитки, и табачными изделиями в неспециализированных магазинах",47.11,2023.0,0.6491172260219501
"Торговля розничная преимущественно пищевыми продуктами, включая напитки, и табачными изделиями в неспециализированных магазинах",47.11,2024.0,0.7214345287739783
Торговля розничная замороженными продуктами в неспециализированных магазинах,47.11.1,2021.0,
Торговля розничная замороженными продуктами в неспециализированных магазинах,47.11.1,2022.0,
Торговля розничная замороженными продуктами в неспециализированных магазинах,47.11.1,2023.0,
Торговля розничная замороженными продуктами в неспециализированных магазинах,47.11.1,2024.0,
"Торговля розничная незамороженными продуктами, включая напитки и табачные изделия, в неспециализированных магазинах",47.11.2,2021.0,0.7628458498023716
"Торговля розничная незамороженными продуктами, включая напитки и табачные изделия, в неспециализированных магазинах",47.11.2,2022.0,0.6639344262295082
"Торговля розничная незамороженными продуктами, включая напитки и табачные изделия, в неспециализированных магазинах",47.11.2,2023.0,0.6573913043478261
"Торговля розничная незамороженными продуктами, включая напитки и табачные изделия, в неспециализированных магазинах",47.11.2,2024.0,0.6683291770573566
Деятельность по розничной торговле большим товарным ассортиментом с преобладанием продовольственных товаров в неспециализированных магазинах,47.11.3,2021.0,0.6862745098039216
Деятельность по розничной торговле большим товарным ассортиментом с преобладанием продовольственных товаров в неспециализированных магазинах,47.11.3,2022.0,0.6133333333333333
Деятельность по розничной торговле большим товарным ассортиментом с преобладанием продовольственных товаров в неспециализированных магазинах,47.11.3,2023.0,0.6772486772486772
Деятельность по розничной торговле большим товарным ассортиментом с преобладанием продовольственных товаров в неспециализированных магазинах,47.11.3,2024.0,0.6894736842105263
Торговля розничная прочая в неспециализированных магазинах,47.19,2021.0,0.046027397260273974
Торговля розничная прочая в неспециализированных магазинах,47.19,2022.0,0.054556006964596636
Торговля розничная прочая в неспециализированных магазинах,47.19,2023.0,0.03997243280496209
Торговля розничная прочая в неспециализированных магазинах,47.19,2024.0,0.5183806421591438
Торговля розничная большим товарным ассортиментом с преобладанием непродовольственных товаров в неспециализированных магазинах,47.19.1,2021.0,0.03389830508474576
Торговля розничная большим товарным ассортиментом с преобладанием непродовольственных товаров в неспециализированных магазинах,47.19.1,2022.0,
Торговля розничная большим товарным ассортиментом с преобладанием непродовольственных товаров в неспециализированных магазинах,47.19.1,2023.0,
Торговля розничная большим товарным ассортиментом с преобладанием непродовольственных товаров в неспециализированных магазинах,47.19.1,2024.0,0.7230769230769231
"Деятельность универсальных магазинов, торгующих товарами общего ассортимента",47.19.2,2021.0,
"Деятельность универсальных магазинов, торгующих товарами общего ассортимента",47.19.2,2022.0,0.14285714285714285
"Деятельность универсальных магазинов, торгующих товарами общего ассортимента",47.19.2,2023.0,
"Деятельность универсальных магазинов, торгующих товарами общего ассортимента",47.19.2,2024.0,0.14285714285714285
Торговля розничная в магазинах беспошлинной торговли,47.19.3,2023.0,
"Торговля розничная пищевыми продуктами, напитками и табачными изделиями в специализированных магазинах",47.2,2021.0,0.05730994152046784
"Торговля розничная пищевыми продуктами, напитками и табачными изделиями в специализированных магазинах",47.2,2022.0,0.019079685746352413
"Торговля розничная пищевыми продуктами, напитками и табачными изделиями в специализированных магазинах",47.2,2023.0,0.0625826355222565
"Торговля розничная пищевыми продуктами, напитками и табачными изделиями в специализированных магазинах",47.2,2024.0,0.017003676470588234
Торговля розничная фруктами и овощами в специализированных магазинах,47.21,2021.0,0.3333333333333333
Торговля розничная фруктами и овощами в специализированных магазинах,47.21,2022.0,
Торговля розничная фруктами и овощами в специализированных магазинах,47.21,2023.0,0.8962962962962963
Торговля розничная фруктами и овощами в специализированных магазинах,47.21,2024.0,0.125
"Торговля розничная свежими фруктами, овощами, картофелем и орехами в специализированных магазинах",47.21.1,2021.0,
"Торговля розничная свежими фруктами, овощами, картофелем и орехами в специализированных магазинах",47.21.1,2022.0,
"Торговля розничная свежими фруктами, овощами, картофелем и орехами в специализированных магазинах",47.21.1,2023.0,
"Торговля розничная свежими фруктами, овощами, картофелем и орехами в специализированных магазинах",47.21.1,2024.0,
"Торговля розничная консервированными фруктами, овощами и орехами в специализированных магазинах",47.21.2,2022.0,
"Торговля розничная консервированными фруктами, овощами и орехами в специализированных магазинах",47.21.2,2023.0,
Торговля розничная мясом и мясными продуктами в специализированных магазинах,47.22,2021.0,0.0625
Торговля розничная мясом и мясными продуктами в специализированных магазинах,47.22,2022.0,0.08620689655172414
Торговля розничная мясом и мясными продуктами в специализированных магазинах,47.22,2023.0,0.004878048780487805
Торговля розничная мясом и мясными продуктами в специализированных магазинах,47.22,2024.0,0.008849557522123894
"Торговля розничная мясом и мясом птицы, включая субпродукты в специализированных магазинах",47.22.1,2021.0,0.16666666666666666
"Торговля розничная мясом и мясом птицы, включая субпродукты в специализированных магазинах",47.22.1,2022.0,
"Торговля розничная мясом и мясом птицы, включая субпродукты в специализированных магазинах",47.22.1,2023.0,
"Торговля розничная мясом и мясом птицы, включая субпродукты в специализированных магазинах",47.22.1,2024.0,
Торговля розничная продуктами из мяса и мяса птицы в специализированных магазинах,47.22.2,2021.0,
Торговля розничная продуктами из мяса и мяса птицы в специализированных магазинах,47.22.2,2022.0,
Торговля розничная продуктами из мяса и мяса птицы в специализированных магазинах,47.22.2,2023.0,
Торговля розничная продуктами из мяса и мяса птицы в специализированных магазинах,47.22.2,2024.0,
Торговля розничная консервами из мяса и мяса птицы в специализированных магазинах,47.22.3,2021.0,
"Торговля розничная рыбой, ракообразными и моллюсками в специализированных магазинах",47.23,2021.0,
"Торговля розничная рыбой, ракообразными и моллюсками в специализированных магазинах",47.23,2022.0,0.16666666666666666
"Торговля розничная рыбой, ракообразными и моллюсками в специализированных магазинах",47.23,2023.0,0.125
"Торговля розничная рыбой, ракообразными и моллюсками в специализированных магазинах",47.23,2024.0,0.125
Торговля розничная рыбой и морепродуктами в специализированных магазинах,47.23.1,2021.0,
Торговля розничная рыбой и морепродуктами в специализированных магазинах,47.23.1,2022.0,
Торговля розничная рыбой и морепродуктами в специализированных магазинах,47.23.1,2023.0,
Торговля розничная рыбой и морепродуктами в специализированных магазинах,47.23.1,2024.0,
Торговля розничная хлебом и хлебобулочными изделиями и кондитерскими изделиями в специализированных магазинах,47.24,2021.0,
Торговля розничная хлебом и хлебобулочными изделиями и кондитерскими изделиями в специализированных магазинах,47.24,2022.0,
Торговля розничная хлебом и хлебобулочными изделиями и кондитерскими изделиями в специализированных магазинах,47.24,2023.0,
Торговля розничная хлебом и хлебобулочными изделиями и кондитерскими изделиями в специализированных магазинах,47.24,2024.0,
Торговля розничная хлебом и хлебобулочными изделиями в специализированных магазинах,47.24.1,2021.0,
Торговля розничная хлебом и хлебобулочными изделиями в специализированных магазинах,47.24.1,2022.0,
Торговля розничная хлебом и хлебобулочными изделиями в специализированных магазинах,47.24.1,2023.0,
Торговля розничная хлебом и хлебобулочными изделиями в специализированных магазинах,47.24.1,2024.0,
Торговля розничная кондитерскими изделиями в специализированных магазинах,47.24.2,2021.0,
Торговля розничная кондитерскими изделиями в специализированных магазинах,47.24.2,2022.0,
Торговля розничная кондитерскими изделиями в специализированных магазинах,47.24.2,2023.0,
Торговля розничная кондитерскими изделиями в специализированных магазинах,47.24.2,2024.0,
Торговля розничная мучными кондитерскими изделиями в специализированных магазинах,47.24.21,2021.0,
Торговля розничная мучными кондитерскими изделиями в специализированных магазинах,47.24.21,2022.0,
Торговля розничная мучными кондитерскими изделиями в специализированных магазинах,47.24.21,2023.0,
Торговля розничная мучными кондитерскими изделиями в специализированных магазинах,47.24.21,2024.0,
"Торговля розничная кондитерскими изделиями, включая шоколад, в специализированных магазинах",47.24.22,2021.0,
"Торговля розничная кондитерскими изделиями, включая шоколад, в специализированных магазинах",47.24.22,2022.0,
"Торговля розничная кондитерскими изделиями, включая шоколад, в специализированных магазинах",47.24.22,2023.0,
"Торговля розничная кондитерскими изделиями, включая шоколад, в специализированных магазинах",47.24.22,2024.0,
Торговля розничная мороженым и замороженными десертами в специализированных магазинах,47.24.3,2022.0,
Торговля розничная мороженым и замороженными десертами в специализированных магазинах,47.24.3,2023.0,
Торговля розничная мороженым и замороженными десертами в специализированных магазинах,47.24.3,2024.0,
Торговля розничная напитками в специализированных магазинах,47.25,2021.0,0.008389261744966443
Торговля розничная напитками в специализированных магазинах,47.25,2022.0,0.009389671361502348
Торговля розничная напитками в специализированных магазинах,47.25,2023.0,0.005653710247349823
Торговля розничная напитками в специализированных магазинах,47.25,2024.0,0.005405405405405406
"Торговля розничная алкогольными напитками, включая пиво, в специализированных магазинах",47.25.1,2021.0,0.007729468599033816
"Торговля розничная алкогольными напитками, включая пиво, в специализированных магазинах",47.25.1,2022.0,0.008325624421831638
"Торговля розничная алкогольными напитками, включая пиво, в специализированных магазинах",47.25.1,2023.0,0.006628003314001657
"Торговля розничная алкогольными напитками, включая пиво, в специализированных магазинах",47.25.1,2024.0,0.004042037186742118
"Торговля розничная алкогольными напитками, кроме пива, в специализированных магазинах",47.25.11,2021.0,0.029411764705882353
"Торговля розничная алкогольными напитками, кроме пива, в специализированных магазинах",47.25.11,2022.0,0.023255813953488372
"Торговля розничная алкогольными напитками, кроме пива, в специализированных магазинах",47.25.11,2024.0,0.03225806451612903
Торговля розничная пивом в специализированных магазинах,47.25.12,2021.0,
Торговля розничная пивом в специализированных магазинах,47.25.12,2022.0,
Торговля розничная пивом в специализированных магазинах,47.25.12,2023.0,
Торговля розничная пивом в специализированных магазинах,47.25.12,2024.0,
Торговля розничная безалкогольными напитками в специализированных магазинах,47.25.2,2021.0,0.5
Торговля розничная безалкогольными напитками в специализированных магазинах,47.25.2,2022.0,0.16666666666666666
Торговля розничная безалкогольными напитками в специализированных магазинах,47.25.2,2023.0,
Торговля розничная безалкогольными напитками в специализированных магазинах,47.25.2,2024.0,0.3333333333333333
Торговля розничная табачными изделиями в специализированных магазинах,47.26,2021.0,0.006622516556291391
Торговля розничная табачными изделиями в специализированных магазинах,47.26,2022.0,
Торговля розничная табачными изделиями в специализированных магазинах,47.26,2023.0,
Торговля розничная табачными изделиями в специализированных магазинах,47.26,2024.0,
Торговля розничная прочими пищевыми продуктами в специализированных магазинах,47.29,2021.0,0.289198606271777
Торговля розничная прочими пищевыми продуктами в специализированных магазинах,47.29,2022.0,0.05904059040590406
Торговля розничная прочими пищевыми продуктами в специализированных магазинах,47.29,2023.0,0.03741496598639456
Торговля розничная прочими пищевыми продуктами в специализированных магазинах,47.29,2024.0,0.08865248226950355
Торговля розничная молочными продуктами и яйцами в специализированных магазинах,47.29.1,2021.0,0.4482758620689655
Торговля розничная молочными продуктами и яйцами в специализированных магазинах,47.29.1,2022.0,0.1935483870967742
Торговля розничная молочными продуктами и яйцами в специализированных магазинах,47.29.1,2023.0,0.14705882352941177
Торговля розничная молочными продуктами и яйцами в специализированных магазинах,47.29.1,2024.0,0.5185185185185185
Торговля розничная молочными продуктами в специализированных магазинах,47.29.11,2021.0,
Торговля розничная молочными продуктами в специализированных магазинах,47.29.11,2022.0,
Торговля розничная молочными продуктами в специализированных магазинах,47.29.11,2023.0,
Торговля розничная молочными продуктами в специализированных магазинах,47.29.11,2024.0,0.25
Торговля розничная пищевыми маслами и жирами в специализированных магазинах,47.29.2,2023.0,
Торговля розничная пищевыми маслами и жирами в специализированных магазинах,47.29.2,2024.0,
Торговля розничная прочими пищевыми продуктами в специализированных магазинах,47.29.3,2021.0,0.26291079812206575
Торговля розничная прочими пищевыми продуктами в специализированных магазинах,47.29.3,2022.0,0.024630541871921183
Торговля розничная прочими пищевыми продуктами в специализированных магазинах,47.29.3,2023.0,0.022321428571428572
Торговля розничная прочими пищевыми продуктами в специализированных магазинах,47.29.3,2024.0,0.06172839506172839
Торговля розничная мукой и макаронными изделиями в специализированных магазинах,47.29.31,2021.0,
Торговля розничная мукой и макаронными изделиями в специализированных магазинах,47.29.31,2022.0,
Торговля розничная мукой и макаронными изделиями в специализированных магазинах,47.29.31,2023.0,
Торговля розничная мукой и макаронными изделиями в специализированных магазинах,47.29.31,2024.0,
Торговля розничная крупами в специализированных магазинах,47.29.32,2022.0,
Торговля розничная крупами в специализированных магазинах,47.29.32,2023.0,
Торговля розничная сахаром в специализированных магазинах,47.29.33,2021.0,
Торговля розничная сахаром в специализированных магазинах,47.29.33,2022.0,
Торговля розничная сахаром в специализированных магазинах,47.29.33,2023.0,0.08333333333333333
Торговля розничная сахаром в специализированных магазинах,47.29.33,2024.0,0.13333333333333333
Торговля розничная солью в специализированных магазинах,47.29.34,2022.0,
Торговля розничная солью в специализированных магазинах,47.29.34,2023.0,
Торговля розничная солью в специализированных магазинах,47.29.34,2024.0,
"Торговля розничная чаем, кофе, какао в специализированных магазинах",47.29.35,2021.0,0.2
"Торговля розничная чаем, кофе, какао в специализированных магазинах",47.29.35,2022.0,1.0
"Торговля розничная чаем, кофе, какао в специализированных магазинах",47.29.35,2023.0,0.14285714285714285
"Торговля розничная чаем, кофе, какао в специализированных магазинах",47.29.35,2024.0,0.043478260869565216
"Торговля розничная гомогенизированными пищевыми продуктами, детским и диетическим питанием в специализированных магазинах",47.29.36,2021.0,
"Торговля розничная гомогенизированными пищевыми продуктами, детским и диетическим питанием в специализированных магазинах",47.29.36,2022.0,
"Торговля розничная гомогенизированными пищевыми продуктами, детским и диетическим питанием в специализированных магазинах",47.29.36,2023.0,
"Торговля розничная гомогенизированными пищевыми продуктами, детским и диетическим питанием в специализированных магазинах",47.29.36,2024.0,
"Торговля розничная прочими пищевыми продуктами в специализированных магазинах, не включенными в другие группировки",47.29.39,2021.0,0.271356783919598
"Торговля розничная прочими пищевыми продуктами в специализированных магазинах, не включенными в другие группировки",47.29.39,2022.0,0.015706806282722512
"Торговля розничная прочими пищевыми продуктами в специализированных магазинах, не включенными в другие группировки",47.29.39,2023.0,0.010101010101010102
"Торговля розничная прочими пищевыми продуктами в специализированных магазинах, не включенными в другие группировки",47.29.39,2024.0,0.058823529411764705
Торговля розничная моторным топливом в специализированных магазинах,47.30,2021.0,0.0313588850174216
Торговля розничная моторным топливом в специализированных магазинах,47.30,2022.0,0.03899721448467967
Торговля розничная моторным топливом в специализированных магазинах,47.30,2023.0,0.01818181818181818
Торговля розничная моторным топливом в специализированных магазинах,47.30,2024.0,0.014317180616740088
Торговля розничная моторным топливом в специализированных магазинах,47.30.1,2021.0,0.013071895424836602
Торговля розничная моторным топливом в специализированных магазинах,47.30.1,2022.0,0.008771929824561403
Торговля розничная моторным топливом в специализированных магазинах,47.30.1,2023.0,0.009345794392523364
Торговля розничная моторным топливом в специализированных магазинах,47.30.1,2024.0,0.022222222222222223
Торговля розничная бензином и дизельным топливом в специализированных магазинах,47.30.11,2021.0,0.1
Торговля розничная бензином и дизельным топливом в специализированных магазинах,47.30.11,2022.0,
Торговля розничная бензином и дизельным топливом в специализированных магазинах,47.30.11,2023.0,
Торговля розничная бензином и дизельным топливом в специализированных магазинах,47.30.11,2024.0,
Торговля розничная газом для заправки автомобилей в специализированных магазинах,47.30.12,2021.0,
Торговля розничная газом для заправки автомобилей в специализированных магазинах,47.30.12,2022.0,0.01020408163265306
Торговля розничная газом для заправки автомобилей в специализированных магазинах,47.30.12,2023.0,0.011363636363636364
Торговля розничная газом для заправки автомобилей в специализированных магазинах,47.30.12,2024.0,0.02857142857142857
Торговля розничная смазочными материалами и охлаждающими жидкостями для автотранспортных средств,47.30.2,2024.0,
Торговля розничная информационным и коммуникационным оборудованием в специализированных магазинах,47.4,2021.0,0.010445962233828847
Торговля розничная информационным и коммуникационным оборудованием в специализированных магазинах,47.4,2022.0,0.29899916597164305
Торговля розничная информационным и коммуникационным оборудованием в специализированных магазинах,47.4,2023.0,0.3012295081967213
Торговля розничная информационным и коммуникационным оборудованием в специализированных магазинах,47.4,2024.0,0.0021645021645021645
"Торговля розничная компьютерами, периферийными устройствами к ним и программным обеспечением в специализированных магазинах",47.41,2021.0,0.030927835051546393
"Торговля розничная компьютерами, периферийными устройствами к ним и программным обеспечением в специализированных магазинах",47.41,2022.0,0.050980392156862744
"Торговля розничная компьютерами, периферийными устройствами к ним и программным обеспечением в специализированных магазинах",47.41,2023.0,0.036231884057971016
"Торговля розничная компьютерами, периферийными устройствами к ним и программным обеспечением в специализированных магазинах",47.41,2024.0,0.0036101083032490976
Торговля розничная компьютерами в специализированных магазинах,47.41.1,2021.0,
Торговля розничная компьютерами в специализированных магазинах,47.41.1,2022.0,
Торговля розничная компьютерами в специализированных магазинах,47.41.1,2023.0,
Торговля розничная компьютерами в специализированных магазинах,47.41.1,2024.0,
Торговля розничная программным обеспечением в специализированных магазинах,47.41.2,2021.0,
Торговля розничная офисными машинами и оборудованием в специализированных магазинах,47.41.4,2021.0,
Торговля розничная офисными машинами и оборудованием в специализированных магазинах,47.41.4,2022.0,0.3333333333333333
Торговля розничная офисными машинами и оборудованием в специализированных магазинах,47.41.4,2024.0,
"Торговля розничная телекоммуникационным оборудованием, включая розничную торговлю мобильными телефонами, в специализированных магазинах",47.42,2021.0,0.012618296529968454
"Торговля розничная телекоммуникационным оборудованием, включая розничную торговлю мобильными телефонами, в специализированных магазинах",47.42,2022.0,0.1562905317769131
"Торговля розничная телекоммуникационным оборудованием, включая розничную торговлю мобильными телефонами, в специализированных магазинах",47.42,2023.0,0.06865671641791045
"Торговля розничная телекоммуникационным оборудованием, включая розничную торговлю мобильными телефонами, в специализированных магазинах",47.42,2024.0,0.0009057971014492754
Торговля розничная аудио- и видеотехникой в специализированных магазинах,47.43,2021.0,
Торговля розничная аудио- и видеотехникой в специализированных магазинах,47.43,2022.0,0.7703826955074875
Торговля розничная аудио- и видеотехникой в специализированных магазинах,47.43,2023.0,0.7432432432432432
Торговля розничная аудио- и видеотехникой в специализированных магазинах,47.43,2024.0,0.004282655246252677
Торговля розничная прочими бытовыми изделиями в специализированных магазинах,47.5,2021.0,0.08777194298574643
Торговля розничная прочими бытовыми изделиями в специализированных магазинах,47.5,2022.0,0.4560327198364008
Торговля розничная прочими бытовыми изделиями в специализированных магазинах,47.5,2023.0,0.43155893536121676
Торговля розничная прочими бытовыми изделиями в специализированных магазинах,47.5,2024.0,0.009163802978235968
Торговля розничная текстильными изделиями в специализированных магазинах,47.51,2021.0,0.02127659574468085
Торговля розничная текстильными изделиями в специализированных магазинах,47.51,2022.0,0.00847457627118644
Торговля розничная текстильными изделиями в специализированных магазинах,47.51,2023.0,0.013333333333333334
Торговля розничная текстильными изделиями в специализированных магазинах,47.51.1,2021.0,
Торговля розничная текстильными изделиями в специализированных магазинах,47.51.1,2022.0,
Торговля розничная текстильными изделиями в специализированных магазинах,47.51.1,2023.0,
Торговля розничная текстильными изделиями в специализированных магазинах,47.51.1,2024.0,
Торговля розничная галантерейными изделиями в специализированных магазинах,47.51.2,2021.0,
Торговля розничная галантерейными изделиями в специализированных магазинах,47.51.2,2022.0,
Торговля розничная галантерейными изделиями в специализированных магазинах,47.51.2,2023.0,
Торговля розничная галантерейными изделиями в специализированных магазинах,47.51.2,2024.0,
"Торговля розничная скобяными изделиями, лакокрасочными материалами и стеклом в специализированных магазинах",47.52,2021.0,0.16470588235294117
"Торговля розничная скобяными изделиями, лакокрасочными материалами и стеклом в специализированных магазинах",47.52,2022.0,0.0625
"Торговля розничная скобяными изделиями, лакокрасочными материалами и стеклом в специализированных магазинах",47.52,2023.0,0.04182509505703422
"Торговля розничная скобяными изделиями, лакокрасочными материалами и стеклом в специализированных магазинах",47.52,2024.0,0.04032258064516129
Торговля розничная скобяными изделиями в специализированных магазинах,47.52.1,2021.0,0.6666666666666666
Торговля розничная скобяными изделиями в специализированных магазинах,47.52.1,2022.0,
Торговля розничная скобяными изделиями в специализированных магазинах,47.52.1,2023.0,
Торговля розничная скобяными изделиями в специализированных магазинах,47.52.1,2024.0,1.0
Торговля розничная лакокрасочными материалами в специализированных магазинах,47.52.2,2021.0,
Торговля розничная лакокрасочными материалами в специализированных магазинах,47.52.2,2022.0,
Торговля розничная лакокрасочными материалами в специализированных магазинах,47.52.2,2023.0,
Торговля розничная лакокрасочными материалами в специализированных магазинах,47.52.2,2024.0,
Торговля розничная стеклом в специализированных магазинах,47.52.3,2021.0,
Торговля розничная стеклом в специализированных магазинах,47.52.3,2022.0,
Торговля розничная стеклом в специализированных магазинах,47.52.3,2023.0,
Торговля розничная материалами и оборудованием для изготовления поделок в специализированных магазинах,47.52.4,2021.0,
Торговля розничная материалами и оборудованием для изготовления поделок в специализированных магазинах,47.52.4,2022.0,
Торговля розничная материалами и оборудованием для изготовления поделок в специализированных магазинах,47.52.4,2023.0,
Торговля розничная материалами и оборудованием для изготовления поделок в специализированных магазинах,47.52.4,2024.0,
Торговля розничная санитарно-техническим оборудованием в специализированных магазинах,47.52.5,2021.0,
Торговля розничная санитарно-техническим оборудованием в специализированных магазинах,47.52.5,2022.0,0.047619047619047616
Торговля розничная санитарно-техническим оборудованием в специализированных магазинах,47.52.5,2023.0,0.06666666666666667
Торговля розничная санитарно-техническим оборудованием в специализированных магазинах,47.52.5,2024.0,0.07142857142857142
Торговля розничная садово-огородной техникой и инвентарем в специализированных магазинах,47.52.6,2021.0,
Торговля розничная садово-огородной техникой и инвентарем в специализированных магазинах,47.52.6,2022.0,
Торговля розничная садово-огородной техникой и инвентарем в специализированных магазинах,47.52.6,2023.0,
Торговля розничная садово-огородной техникой и инвентарем в специализированных магазинах,47.52.6,2024.0,
"Торговля розничная строительными материалами, не включенными в другие группировки, в специализированных магазинах",47.52.7,2021.0,0.25842696629213485
"Торговля розничная строительными материалами, не включенными в другие группировки, в специализированных магазинах",47.52.7,2022.0,0.05555555555555555
"Торговля розничная строительными материалами, не включенными в другие группировки, в специализированных магазинах",47.52.7,2023.0,0.05714285714285714
"Торговля розничная строительными материалами, не включенными в другие группировки, в специализированных магазинах",47.52.7,2024.0,0.03508771929824561
Торговля розничная пиломатериалами в специализированных магазинах,47.52.71,2021.0,
Торговля розничная пиломатериалами в специализированных магазинах,47.52.71,2022.0,
Торговля розничная пиломатериалами в специализированных магазинах,47.52.71,2023.0,0.5
Торговля розничная пиломатериалами в специализированных магазинах,47.52.71,2024.0,
Торговля розничная кирпичом в специализированных магазинах,47.52.72,2021.0,
Торговля розничная кирпичом в специализированных магазинах,47.52.72,2022.0,
Торговля розничная кирпичом в специализированных магазинах,47.52.72,2023.0,
Торговля розничная металлическими и неметаллическими конструкциями в специализированных магазинах,47.52.73,2021.0,
Торговля розничная металлическими и неметаллическими конструкциями в специализированных магазинах,47.52.73,2022.0,
Торговля розничная металлическими и неметаллическими конструкциями в специализированных магазинах,47.52.73,2023.0,
Торговля розничная металлическими и неметаллическими конструкциями в специализированных магазинах,47.52.73,2024.0,
Торговля розничная сборными деревянными строениями в специализированных магазинах,47.52.74,2021.0,
"Торговля розничная прочими строительными материалами, не включенными в другие группировки, в специализированных магазинах",47.52.79,2021.0,0.3559322033898305
"Торговля розничная прочими строительными материалами, не включенными в другие группировки, в специализированных магазинах",47.52.79,2022.0,0.07407407407407407
"Торговля розничная прочими строительными материалами, не включенными в другие группировки, в специализированных магазинах",47.52.79,2023.0,0.0625
"Торговля розничная прочими строительными материалами, не включенными в другие группировки, в специализированных магазинах",47.52.79,2024.0,0.044444444444444446
"Торговля розничная коврами, ковровыми изделиями, покрытиями для пола и стен в специализированных магазинах",47.53,2021.0,
"Торговля розничная коврами, ковровыми изделиями, покрытиями для пола и стен в специализированных магазинах",47.53,2022.0,
"Торговля розничная коврами, ковровыми изделиями, покрытиями для пола и стен в специализированных магазинах",47.53,2023.0,
"Торговля розничная коврами, ковровыми изделиями, покрытиями для пола и стен в специализированных магазинах",47.53,2024.0,
Торговля розничная коврами и ковровыми изделиями в специализированных магазинах,47.53.1,2021.0,
"Торговля розничная портьерами, тюлевыми занавесями в специализированных магазинах",47.53.2,2021.0,
"Торговля розничная портьерами, тюлевыми занавесями в специализированных магазинах",47.53.2,2023.0,
"Торговля розничная портьерами, тюлевыми занавесями в специализированных магазинах",47.53.2,2024.0,
Торговля розничная обоями и напольными покрытиями в специализированных магазинах,47.53.3,2021.0,
Торговля розничная обоями и напольными покрытиями в специализированных магазинах,47.53.3,2022.0,
Торговля розничная обоями и напольными покрытиями в специализированных магазинах,47.53.3,2023.0,
Торговля розничная обоями и напольными покрытиями в специализированных магазинах,47.53.3,2024.0,
Торговля розничная бытовыми электротоварами в специализированных магазинах,47.54,2021.0,0.0017667844522968198
Торговля розничная бытовыми электротоварами в специализированных магазинах,47.54,2022.0,0.8663663663663663
Торговля розничная бытовыми электротоварами в специализированных магазинах,47.54,2023.0,0.891566265060241
Торговля розничная бытовыми электротоварами в специализированных магазинах,47.54,2024.0,0.0011695906432748538
"Торговля розничная мебелью, осветительными приборами и прочими бытовыми изделиями в специализированных магазинах",47.59,2021.0,0.17551020408163265
"Торговля розничная мебелью, осветительными приборами и прочими бытовыми изделиями в специализированных магазинах",47.59,2022.0,0.16631130063965885
"Торговля розничная мебелью, осветительными приборами и прочими бытовыми изделиями в специализированных магазинах",47.59,2023.0,0.006160164271047228
"Торговля розничная мебелью, осветительными приборами и прочими бытовыми изделиями в специализированных магазинах",47.59,2024.0,0.008264462809917356
Торговля розничная мебелью в специализированных магазинах,47.59.1,2021.0,0.11790393013100436
Торговля розничная мебелью в специализированных магазинах,47.59.1,2022.0,0.12121212121212122
Торговля розничная мебелью в специализированных магазинах,47.59.1,2023.0,0.0064516129032258064
Торговля розничная мебелью в специализированных магазинах,47.59.1,2024.0,0.005847953216374269
"Торговля розничная различной домашней утварью, ножевыми изделиями, посудой, изделиями из стекла и керамики, в том числе фарфора и фаянса в специализированных магазинах",47.59.2,2021.0,0.037383177570093455
"Торговля розничная различной домашней утварью, ножевыми изделиями, посудой, изделиями из стекла и керамики, в том числе фарфора и фаянса в специализированных магазинах",47.59.2,2022.0,0.046296296296296294
"Торговля розничная различной домашней утварью, ножевыми изделиями, посудой, изделиями из стекла и керамики, в том числе фарфора и фаянса в специализированных магазинах",47.59.2,2023.0,0.005555555555555556
"Торговля розничная различной домашней утварью, ножевыми изделиями, посудой, изделиями из стекла и керамики, в том числе фарфора и фаянса в специализированных магазинах",47.59.2,2024.0,0.007380073800738007
Торговля розничная осветительными приборами в специализированных магазинах,47.59.3,2021.0,
Торговля розничная осветительными приборами в специализированных магазинах,47.59.3,2022.0,
Торговля розничная осветительными приборами в специализированных магазинах,47.59.3,2023.0,
Торговля розничная осветительными приборами в специализированных магазинах,47.59.3,2024.0,
"Торговля розничная изделиями из дерева, пробки и плетеными изделиями в специализированных магазинах",47.59.4,2022.0,
"Торговля розничная изделиями из дерева, пробки и плетеными изделиями в специализированных магазинах",47.59.4,2023.0,
"Торговля розничная изделиями из дерева, пробки и плетеными изделиями в специализированных магазинах",47.59.4,2024.0,
Торговля розничная музыкальными инструментами и нотными изданиями в специализированных магазинах,47.59.5,2021.0,
Торговля розничная музыкальными инструментами и нотными изданиями в специализированных магазинах,47.59.5,2022.0,
Торговля розничная музыкальными инструментами и нотными изданиями в специализированных магазинах,47.59.5,2023.0,
Торговля розничная музыкальными инструментами и нотными изданиями в специализированных магазинах,47.59.5,2024.0,
Торговля розничная неэлектрическими бытовыми приборами в специализированных магазинах,47.59.6,2022.0,1.0
"Торговля розничная электрическими системами охранной сигнализации, такими как запорные устройства, сейфы и хранилища",47.59.7,2021.0,
"Торговля розничная бытовыми изделиями и приборами, не включенными в другие группировки, в специализированных магазинах",47.59.9,2021.0,
"Торговля розничная бытовыми изделиями и приборами, не включенными в другие группировки, в специализированных магазинах",47.59.9,2022.0,
"Торговля розничная бытовыми изделиями и приборами, не включенными в другие группировки, в специализированных магазинах",47.59.9,2023.0,
"Торговля розничная бытовыми изделиями и приборами, не включенными в другие группировки, в специализированных магазинах",47.59.9,2024.0,0.5
Торговля розничная товарами культурно-развлекательного назначения в специализированных магазинах,47.6,2021.0,0.18401486988847585
Торговля розничная товарами культурно-развлекательного назначения в специализированных магазинах,47.6,2022.0,0.026694045174537988
Торговля розничная товарами культурно-развлекательного назначения в специализированных магазинах,47.6,2023.0,0.01557632398753894
Торговля розничная товарами культурно-развлекательного назначения в специализированных магазинах,47.6,2024.0,0.012345679012345678
Торговля розничная книгами в специализированных магазинах,47.61,2021.0,0.06535947712418301
Торговля розничная книгами в специализированных магазинах,47.61,2022.0,0.0273972602739726
Торговля розничная книгами в специализированных магазинах,47.61,2023.0,
Торговля розничная книгами в специализированных магазинах,47.61,2024.0,0.008264462809917356
Торговля розничная газетами и канцелярскими товарами в специализированных магазинах,47.62,2021.0,0.01
Торговля розничная газетами и канцелярскими товарами в специализированных магазинах,47.62,2022.0,0.011627906976744186
Торговля розничная газетами и канцелярскими товарами в специализированных магазинах,47.62,2023.0,0.010416666666666666
Торговля розничная газетами и канцелярскими товарами в специализированных магазинах,47.62,2024.0,0.008403361344537815
Торговля розничная газетами и журналами в специализированных магазинах,47.62.1,2021.0,0.058823529411764705
Торговля розничная газетами и журналами в специализированных магазинах,47.62.1,2022.0,0.14285714285714285
Торговля розничная газетами и журналами в специализированных магазинах,47.62.1,2023.0,0.16666666666666666
Торговля розничная газетами и журналами в специализированных магазинах,47.62.1,2024.0,
Торговля розничная писчебумажными и канцелярскими товарами в специализированных магазинах,47.62.2,2021.0,
Торговля розничная писчебумажными и канцелярскими товарами в специализированных магазинах,47.62.2,2022.0,
Торговля розничная писчебумажными и канцелярскими товарами в специализированных магазинах,47.62.2,2023.0,
Торговля розничная писчебумажными и канцелярскими товарами в специализированных магазинах,47.62.2,2024.0,
Торговля розничная музыкальными и видеозаписями в специализированных магазинах,47.63,2021.0,
Торговля розничная музыкальными и видеозаписями в специализированных магазинах,47.63,2022.0,
Торговля розничная музыкальными и видеозаписями в специализированных магазинах,47.63,2024.0,
"Торговля розничная музыкальными записями, аудиолентами, компакт-дисками и кассетами в специализированных магазинах",47.63.1,2021.0,
"Торговля розничная музыкальными записями, аудиолентами, компакт-дисками и кассетами в специализированных магазинах",47.63.1,2022.0,
Торговля розничная спортивным оборудованием и спортивными товарами в специализированных магазинах,47.64,2021.0,0.7083333333333334
Торговля розничная спортивным оборудованием и спортивными товарами в специализированных магазинах,47.64,2022.0,0.03669724770642202
Торговля розничная спортивным оборудованием и спортивными товарами в специализированных магазинах,47.64,2023.0,0.01694915254237288
Торговля розничная спортивным оборудованием и спортивными товарами в специализированных магазинах,47.64,2024.0,0.030303030303030304
Торговля розничная спортивным оборудованием и спортивными товарами в специализированных магазинах,47.64.1,2021.0,0.4
Торговля розничная спортивным оборудованием и спортивными товарами в специализированных магазинах,47.64.1,2022.0,
Торговля розничная спортивным оборудованием и спортивными товарами в специализированных магазинах,47.64.1,2023.0,
Торговля розничная рыболовными принадлежностями в специализированных магазинах,47.64.2,2022.0,
Торговля розничная рыболовными принадлежностями в специализированных магазинах,47.64.2,2023.0,
Торговля розничная велосипедами в специализированных магазинах,47.64.5,2021.0,
Торговля розничная велосипедами в специализированных магазинах,47.64.5,2022.0,
Торговля розничная играми и игрушками в специализированных магазинах,47.65,2021.0,0.018292682926829267
Торговля розничная играми и игрушками в специализированных магазинах,47.65,2022.0,0.027586206896551724
Торговля розничная играми и игрушками в специализированных магазинах,47.65,2023.0,0.06818181818181818
Торговля розничная играми и игрушками в специализированных магазинах,47.65,2024.0,0.02
Торговля розничная прочими товарами в специализированных магазинах,47.7,2021.0,0.1553398058252427
Торговля розничная прочими товарами в специализированных магазинах,47.7,2022.0,0.08411338167435728
Торговля розничная прочими товарами в специализированных магазинах,47.7,2023.0,0.03268586738111186
Торговля розничная прочими товарами в специализированных магазинах,47.7,2024.0,0.016006542820422947
Торговля розничная одеждой в специализированных магазинах,47.71,2021.0,0.13740939174283012
Торговля розничная одеждой в специализированных магазинах,47.71,2022.0,0.019960732984293194
Торговля розничная одеждой в специализированных магазинах,47.71,2023.0,0.002793296089385475
Торговля розничная одеждой в специализированных магазинах,47.71,2024.0,0.0312724658519051
"Торговля розничная мужской, женской и детской одеждой в специализированных магазинах",47.71.1,2021.0,0.16038144776766364
"Торговля розничная мужской, женской и детской одеждой в специализированных магазинах",47.71.1,2022.0,0.01025390625
"Торговля розничная мужской, женской и детской одеждой в специализированных магазинах",47.71.1,2023.0,0.0030165912518853697
"Торговля розничная мужской, женской и детской одеждой в специализированных магазинах",47.71.1,2024.0,0.03416856492027335
Торговля розничная нательным бельем в специализированных магазинах,47.71.2,2021.0,
Торговля розничная нательным бельем в специализированных магазинах,47.71.2,2022.0,0.05860805860805861
Торговля розничная нательным бельем в специализированных магазинах,47.71.2,2023.0,
Торговля розничная нательным бельем в специализированных магазинах,47.71.2,2024.0,
Торговля розничная изделиями из меха в специализированных магазинах,47.71.3,2021.0,
Торговля розничная изделиями из меха в специализированных магазинах,47.71.3,2022.0,0.018867924528301886
Торговля розничная изделиями из меха в специализированных магазинах,47.71.3,2023.0,0.05
Торговля розничная изделиями из меха в специализированных магазинах,47.71.3,2024.0,
Торговля розничная одеждой из кожи в специализированных магазинах,47.71.4,2021.0,
Торговля розничная одеждой из кожи в специализированных магазинах,47.71.4,2022.0,
Торговля розничная одеждой из кожи в специализированных магазинах,47.71.4,2023.0,
Торговля розничная одеждой из кожи в специализированных магазинах,47.71.4,2024.0,
Торговля розничная спортивной одеждой в специализированных магазинах,47.71.5,2021.0,0.7605633802816901
Торговля розничная спортивной одеждой в специализированных магазинах,47.71.5,2022.0,
Торговля розничная спортивной одеждой в специализированных магазинах,47.71.5,2023.0,
Торговля розничная спортивной одеждой в специализированных магазинах,47.71.5,2024.0,
Торговля розничная чулочно-носочными изделиями в специализированных магазинах,47.71.6,2021.0,
Торговля розничная чулочно-носочными изделиями в специализированных магазинах,47.71.6,2022.0,0.2857142857142857
Торговля розничная чулочно-носочными изделиями в специализированных магазинах,47.71.6,2023.0,
Торговля розничная чулочно-носочными изделиями в специализированных магазинах,47.71.6,2024.0,
"Торговля розничная аксессуарами одежды (перчатками, галстуками, шарфами, ремнями, подтяжками и т. п.) в специализированных магазинах",47.71.8,2022.0,
"Торговля розничная аксессуарами одежды (перчатками, галстуками, шарфами, ремнями, подтяжками и т. п.) в специализированных магазинах",47.71.8,2024.0,1.0
Торговля розничная обувью и изделиями из кожи в специализированных магазинах,47.72,2021.0,0.023014959723820484
Торговля розничная обувью и изделиями из кожи в специализированных магазинах,47.72,2022.0,0.01854974704890388
Торговля розничная обувью и изделиями из кожи в специализированных магазинах,47.72,2023.0,0.01589825119236884
Торговля розничная обувью и изделиями из кожи в специализированных магазинах,47.72,2024.0,
Торговля розничная обувью в специализированных магазинах,47.72.1,2021.0,0.025677603423680456
Торговля розничная обувью в специализированных магазинах,47.72.1,2022.0,0.012320328542094456
Торговля розничная обувью в специализированных магазинах,47.72.1,2023.0,0.007905138339920948
Торговля розничная обувью в специализированных магазинах,47.72.1,2024.0,
Торговля розничная изделиями из кожи и дорожными принадлежностями в специализированных магазинах,47.72.2,2021.0,
Торговля розничная изделиями из кожи и дорожными принадлежностями в специализированных магазинах,47.72.2,2022.0,
Торговля розничная изделиями из кожи и дорожными принадлежностями в специализированных магазинах,47.72.2,2023.0,
Торговля розничная изделиями из кожи и дорожными принадлежностями в специализированных магазинах,47.72.2,2024.0,
Торговля розничная лекарственными средствами в специализированных магазинах (аптеках),47.73,2021.0,0.36010533245556287
Торговля розничная лекарственными средствами в специализированных магазинах (аптеках),47.73,2022.0,0.19280494659921305
Торговля розничная лекарственными средствами в специализированных магазинах (аптеках),47.73,2023.0,0.10962566844919786
Торговля розничная лекарственными средствами в специализированных магазинах (аптеках),47.73,2024.0,0.0051777701070072485
"Торговля розничная изделиями, применяемыми в медицинских целях, ортопедическими изделиями в специализированных магазинах",47.74,2021.0,0.01694915254237288
"Торговля розничная изделиями, применяемыми в медицинских целях, ортопедическими изделиями в специализированных магазинах",47.74,2022.0,0.22413793103448276
"Торговля розничная изделиями, применяемыми в медицинских целях, ортопедическими изделиями в специализированных магазинах",47.74,2023.0,
"Торговля розничная изделиями, применяемыми в медицинских целях, ортопедическими изделиями в специализированных магазинах",47.74,2024.0,
"Торговля розничная изделиями, применяемыми в медицинских целях, в специализированных магазинах",47.74.1,2021.0,
"Торговля розничная изделиями, применяемыми в медицинских целях, в специализированных магазинах",47.74.1,2022.0,
"Торговля розничная изделиями, применяемыми в медицинских целях, в специализированных магазинах",47.74.1,2023.0,
"Торговля розничная изделиями, применяемыми в медицинских целях, в специализированных магазинах",47.74.1,2024.0,
Торговля розничная ортопедическими изделиями в специализированных магазинах,47.74.2,2021.0,
Торговля розничная ортопедическими изделиями в специализированных магазинах,47.74.2,2022.0,1.0
Торговля розничная ортопедическими изделиями в специализированных магазинах,47.74.2,2023.0,
Торговля розничная ортопедическими изделиями в специализированных магазинах,47.74.2,2024.0,
Торговля розничная косметическими и товарами личной гигиены в специализированных магазинах,47.75,2021.0,0.09848484848484848
Торговля розничная косметическими и товарами личной гигиены в специализированных магазинах,47.75,2022.0,0.12280701754385964
Торговля розничная косметическими и товарами личной гигиены в специализированных магазинах,47.75,2023.0,0.00482315112540193
Торговля розничная косметическими и товарами личной гигиены в специализированных магазинах,47.75,2024.0,0.0109375
"Торговля розничная косметическими и парфюмерными товарами, кроме мыла в специализированных магазинах",47.75.1,2021.0,0.09829867674858223
"Торговля розничная косметическими и парфюмерными товарами, кроме мыла в специализированных магазинах",47.75.1,2022.0,0.12476370510396975
"Торговля розничная косметическими и парфюмерными товарами, кроме мыла в специализированных магазинах",47.75.1,2023.0,0.005434782608695652
"Торговля розничная косметическими и парфюмерными товарами, кроме мыла в специализированных магазинах",47.75.1,2024.0,0.0018656716417910447
Торговля розничная туалетным и хозяйственным мылом в специализированных магазинах,47.75.2,2021.0,
"Торговля розничная цветами и другими растениями, семенами, удобрениями, домашними животными и кормами для домашних животных в специализированных магазинах",47.76,2021.0,0.05555555555555555
"Торговля розничная цветами и другими растениями, семенами, удобрениями, домашними животными и кормами для домашних животных в специализированных магазинах",47.76,2022.0,
"Торговля розничная цветами и другими растениями, семенами, удобрениями, домашними животными и кормами для домашних животных в специализированных магазинах",47.76,2023.0,
"Торговля розничная цветами и другими растениями, семенами, удобрениями, домашними животными и кормами для домашних животных в специализированных магазинах",47.76,2024.0,
"Торговля розничная цветами и другими растениями, семенами и удобрениями в специализированных магазинах",47.76.1,2021.0,
"Торговля розничная цветами и другими растениями, семенами и удобрениями в специализированных магазинах",47.76.1,2022.0,
"Торговля розничная цветами и другими растениями, семенами и удобрениями в специализированных магазинах",47.76.1,2023.0,
"Торговля розничная цветами и другими растениями, семенами и удобрениями в специализированных магазинах",47.76.1,2024.0,
Торговля розничная домашними животными и кормами для домашних животных в специализированных магазинах,47.76.2,2021.0,0.12
Торговля розничная домашними животными и кормами для домашних животных в специализированных магазинах,47.76.2,2022.0,
Торговля розничная домашними животными и кормами для домашних животных в специализированных магазинах,47.76.2,2023.0,
Торговля розничная домашними животными и кормами для домашних животных в специализированных магазинах,47.76.2,2024.0,
Торговля розничная часами и ювелирными изделиями в специализированных магазинах,47.77,2021.0,0.017094017094017096
Торговля розничная часами и ювелирными изделиями в специализированных магазинах,47.77,2022.0,0.001893939393939394
Торговля розничная часами и ювелирными изделиями в специализированных магазинах,47.77,2023.0,0.0015432098765432098
Торговля розничная часами и ювелирными изделиями в специализированных магазинах,47.77,2024.0,
Торговля розничная часами в специализированных магазинах,47.77.1,2021.0,
Торговля розничная часами в специализированных магазинах,47.77.1,2022.0,
Торговля розничная часами в специализированных магазинах,47.77.1,2023.0,
Торговля розничная часами в специализированных магазинах,47.77.1,2024.0,
Торговля розничная ювелирными изделиями в специализированных магазинах,47.77.2,2021.0,0.046153846153846156
Торговля розничная ювелирными изделиями в специализированных магазинах,47.77.2,2022.0,
Торговля розничная ювелирными изделиями в специализированных магазинах,47.77.2,2023.0,
Торговля розничная ювелирными изделиями в специализированных магазинах,47.77.2,2024.0,
Торговля розничная прочая в специализированных магазинах,47.78,2021.0,0.1034965034965035
Торговля розничная прочая в специализированных магазинах,47.78,2022.0,0.13820078226857888
Торговля розничная прочая в специализированных магазинах,47.78,2023.0,0.02809917355371901
Торговля розничная прочая в специализированных магазинах,47.78,2024.0,0.04778156996587031
"Торговля розничная фотоаппаратурой, оптическими приборами и средствами измерений, кроме очков, в специализированных магазинах",47.78.1,2021.0,
"Торговля розничная фотоаппаратурой, оптическими приборами и средствами измерений, кроме очков, в специализированных магазинах",47.78.1,2022.0,
"Торговля розничная фотоаппаратурой, оптическими приборами и средствами измерений, кроме очков, в специализированных магазинах",47.78.1,2023.0,
"Торговля розничная фотоаппаратурой, оптическими приборами и средствами измерений, кроме очков, в специализированных магазинах",47.78.1,2024.0,
"Торговля розничная очками, включая сборку и ремонт очков в специализированных магазинах",47.78.2,2021.0,
"Торговля розничная очками, включая сборку и ремонт очков в специализированных магазинах",47.78.2,2022.0,0.05
"Торговля розничная очками, включая сборку и ремонт очков в специализированных магазинах",47.78.2,2023.0,0.058823529411764705
"Торговля розничная очками, включая сборку и ремонт очков в специализированных магазинах",47.78.2,2024.0,
Торговля розничная очками в специализированных магазинах,47.78.21,2021.0,
Торговля розничная очками в специализированных магазинах,47.78.21,2022.0,
Торговля розничная очками в специализированных магазинах,47.78.21,2023.0,
Торговля розничная очками в специализированных магазинах,47.78.21,2024.0,
"Торговля розничная сувенирами, изделиями народных художественных промыслов",47.78.3,2021.0,
"Торговля розничная сувенирами, изделиями народных художественных промыслов",47.78.3,2022.0,
"Торговля розничная сувенирами, изделиями народных художественных промыслов",47.78.3,2023.0,
"Торговля розничная сувенирами, изделиями народных художественных промыслов",47.78.3,2024.0,
"Торговля розничная предметами культового и религиозного назначения, похоронными принадлежностями в специализированных магазинах",47.78.4,2021.0,
"Торговля розничная предметами культового и религиозного назначения, похоронными принадлежностями в специализированных магазинах",47.78.4,2023.0,
"Торговля розничная предметами культового и религиозного назначения, похоронными принадлежностями в специализированных магазинах",47.78.4,2024.0,
"Деятельность коммерческих художественных галерей, торговля розничная произведениями искусства в коммерческих художественных галереях",47.78.5,2021.0,
"Деятельность коммерческих художественных галерей, торговля розничная произведениями искусства в коммерческих художественных галереях",47.78.5,2022.0,1.0
"Деятельность коммерческих художественных галерей, торговля розничная произведениями искусства в коммерческих художественных галереях",47.78.5,2024.0,
"Торговля розничная бытовым жидким котельным топливом, газом в баллонах, углем, древесным топливом, топливным торфом в специализированных магазинах",47.78.6,2021.0,0.125
"Торговля розничная бытовым жидким котельным топливом, газом в баллонах, углем, древесным топливом, топливным торфом в специализированных магазинах",47.78.6,2022.0,0.18181818181818182
"Торговля розничная бытовым жидким котельным топливом, газом в баллонах, углем, древесным топливом, топливным торфом в специализированных магазинах",47.78.6,2023.0,
"Торговля розничная бытовым жидким котельным топливом, газом в баллонах, углем, древесным топливом, топливным торфом в специализированных магазинах",47.78.6,2024.0,0.2
"Торговля розничная бытовым жидким котельным топливом, углем, древесным топливом, топливным торфом в специализированных магазинах",47.78.61,2021.0,
"Торговля розничная бытовым жидким котельным топливом, углем, древесным топливом, топливным торфом в специализированных магазинах",47.78.61,2022.0,
"Торговля розничная бытовым жидким котельным топливом, углем, древесным топливом, топливным торфом в специализированных магазинах",47.78.61,2023.0,
"Торговля розничная бытовым жидким котельным топливом, углем, древесным топливом, топливным торфом в специализированных магазинах",47.78.61,2024.0,
Торговля розничная оружием и боеприпасами в специализированных магазинах,47.78.7,2021.0,
Торговля розничная оружием и боеприпасами в специализированных магазинах,47.78.7,2022.0,
Торговля розничная оружием и боеприпасами в специализированных магазинах,47.78.7,2023.0,
Торговля розничная оружием и боеприпасами в специализированных магазинах,47.78.7,2024.0,
Торговля розничная филателистическими и нумизматическими товарами в специализированных магазинах,47.78.8,2024.0,
"Торговля розничная непродовольственными товарами, не включенными в другие группировки, в специализированных магазинах",47.78.9,2021.0,0.13740458015267176
"Торговля розничная непродовольственными товарами, не включенными в другие группировки, в специализированных магазинах",47.78.9,2022.0,0.17491166077738515
"Торговля розничная непродовольственными товарами, не включенными в другие группировки, в специализированных магазинах",47.78.9,2023.0,0.029239766081871343
"Торговля розничная непродовольственными товарами, не включенными в другие группировки, в специализированных магазинах",47.78.9,2024.0,0.052
Торговля розничная бывшими в употреблении товарами в магазинах,47.79,2021.0,
Торговля розничная бывшими в употреблении товарами в магазинах,47.79,2022.0,
Торговля розничная бывшими в употреблении товарами в магазинах,47.79,2023.0,
Торговля розничная бывшими в употреблении товарами в магазинах,47.79,2024.0,
Торговля розничная предметами антиквариата,47.79.1,2021.0,
Торговля розничная предметами антиквариата,47.79.1,2022.0,
Торговля розничная предметами антиквариата,47.79.1,2023.0,
Торговля розничная прочими бывшими в употреблении товарами,47.79.3,2021.0,
Торговля розничная прочими бывшими в употреблении товарами,47.79.3,2022.0,
Торговля розничная прочими бывшими в употреблении товарами,47.79.3,2023.0,
Торговля розничная прочими бывшими в употреблении товарами,47.79.3,2024.0,
Деятельность аукционных домов по розничной торговле,47.79.4,2021.0,
Деятельность аукционных домов по розничной торговле,47.79.4,2022.0,
Деятельность аукционных домов по розничной торговле,47.79.4,2023.0,
Деятельность аукционных домов по розничной торговле,47.79.4,2024.0,
Торговля розничная в нестационарных торговых объектах и на рынках,47.8,2021.0,0.016129032258064516
Торговля розничная в нестационарных торговых объектах и на рынках,47.8,2022.0,0.011904761904761904
Торговля розничная в нестационарных торговых объектах и на рынках,47.8,2023.0,
Торговля розничная в нестационарных торговых объектах и на рынках,47.8,2024.0,
"Торговля розничная в нестационарных торговых объектах и на рынках пищевыми продуктами, напитками и табачной продукцией",47.81,2021.0,
"Торговля розничная в нестационарных торговых объектах и на рынках пищевыми продуктами, напитками и табачной продукцией",47.81,2022.0,
"Торговля розничная в нестационарных торговых объектах и на рынках пищевыми продуктами, напитками и табачной продукцией",47.81,2023.0,
"Торговля розничная в нестационарных торговых объектах и на рынках пищевыми продуктами, напитками и табачной продукцией",47.81,2024.0,
"Торговля розничная в нестационарных торговых объектах и на рынках текстилем, одеждой и обувью",47.82,2021.0,
"Торговля розничная в нестационарных торговых объектах и на рынках текстилем, одеждой и обувью",47.82,2022.0,1.0
"Торговля розничная в нестационарных торговых объектах и на рынках текстилем, одеждой и обувью",47.82,2024.0,
Торговля розничная в нестационарных торговых объектах и на рынках прочими товарами,47.89,2021.0,0.5
Торговля розничная в нестационарных торговых объектах и на рынках прочими товарами,47.89,2022.0,
Торговля розничная в нестационарных торговых объектах и на рынках прочими товарами,47.89,2023.0,
Торговля розничная в нестационарных торговых объектах и на рынках прочими товарами,47.89,2024.0,
Торговля розничная в нестационарных торговых объектах прочими товарами,47.89.1,2021.0,
Торговля розничная в нестационарных торговых объектах прочими товарами,47.89.1,2022.0,
Торговля розничная на рынках прочими товарами,47.89.2,2021.0,
"Торговля розничная вне магазинов, палаток, рынков",47.9,2021.0,0.7189597315436241
"Торговля розничная вне магазинов, палаток, рынков",47.9,2022.0,0.3086003372681282
"Торговля розничная вне магазинов, палаток, рынков",47.9,2023.0,0.2109090909090909
"Торговля розничная вне магазинов, палаток, рынков",47.9,2024.0,0.18818040435458788
Торговля розничная по почте или по информационно-коммуникационной сети Интернет,47.91,2021.0,0.7482517482517482
Торговля розничная по почте или по информационно-коммуникационной сети Интернет,47.91,2022.0,0.3244206773618538
Торговля розничная по почте или по информационно-коммуникационной сети Интернет,47.91,2023.0,0.22179732313575526
Торговля розничная по почте или по информационно-коммуникационной сети Интернет,47.91,2024.0,0.19540229885057472
Торговля розничная по почте,47.91.1,2021.0,
Торговля розничная по почте,47.91.1,2022.0,
Торговля розничная по почте,47.91.1,2023.0,
"Торговля розничная, осуществляемая непосредственно при помощи информационно-коммуникационной сети Интернет",47.91.2,2021.0,0.8034591194968553
"Торговля розничная, осуществляемая непосредственно при помощи информационно-коммуникационной сети Интернет",47.91.2,2022.0,0.2958801498127341
"Торговля розничная, осуществляемая непосредственно при помощи информационно-коммуникационной сети Интернет",47.91.2,2023.0,0.10857142857142857
"Торговля розничная, осуществляемая непосредственно при помощи информационно-коммуникационной сети Интернет",47.91.2,2024.0,0.10416666666666667
Торговля розничная через Интернет-аукционы,47.91.3,2021.0,
Торговля розничная через Интернет-аукционы,47.91.3,2024.0,
"Торговля розничная, осуществляемая непосредственно при помощи телевидения, радио, телефона",47.91.4,2021.0,
"Торговля розничная, осуществляемая непосредственно при помощи телевидения, радио, телефона",47.91.4,2022.0,
"Торговля розничная прочая вне магазинов, палаток, рынков",47.99,2021.0,0.020833333333333332
"Торговля розничная прочая вне магазинов, палаток, рынков",47.99,2022.0,0.03125
"Торговля розничная прочая вне магазинов, палаток, рынков",47.99,2023.0,
"Торговля розничная прочая вне магазинов, палаток, рынков",47.99,2024.0,0.058823529411764705
Деятельность по осуществлению прямых продаж или продаж торговыми агентами с доставкой,47.99.1,2021.0,
Деятельность по осуществлению прямых продаж или продаж торговыми агентами с доставкой,47.99.1,2022.0,
Деятельность по осуществлению прямых продаж или продаж торговыми агентами с доставкой,47.99.1,2023.0,
Деятельность по осуществлению прямых продаж или продаж торговыми агентами с доставкой,47.99.1,2024.0,
Деятельность по осуществлению торговли через автоматы,47.99.2,2021.0,0.3333333333333333
Деятельность по осуществлению торговли через автоматы,47.99.2,2022.0,
Деятельность по осуществлению торговли через автоматы,47.99.2,2023.0,
Деятельность по осуществлению торговли через автоматы,47.99.2,2024.0,
Деятельность по осуществлению прямых продаж топлива с доставкой по адресу клиента,47.99.3,2021.0,
Деятельность по осуществлению прямых продаж топлива с доставкой по адресу клиента,47.99.3,2022.0,
Деятельность по осуществлению прямых продаж топлива с доставкой по адресу клиента,47.99.3,2023.0,
"Деятельность аукционов по розничной торговле вне магазинов, за исключением продаж через Интернет-аукционы",47.99.4,2021.0,
Деятельность сухопутного и трубопроводного транспорта,49,2021.0,0.05149181905678537
Деятельность сухопутного и трубопроводного транспорта,49,2022.0,0.04936305732484077
Деятельность сухопутного и трубопроводного транспорта,49,2023.0,0.049597507141002334
Деятельность сухопутного и трубопроводного транспорта,49,2024.0,0.04000981836033382
Деятельность железнодорожного транспорта: междугородные и международные пассажирские перевозки,49.10,2021.0,0.004901960784313725
Деятельность железнодорожного транспорта: междугородные и международные пассажирские перевозки,49.10,2022.0,0.024154589371980676
Деятельность железнодорожного транспорта: междугородные и международные пассажирские перевозки,49.10,2023.0,0.0594059405940594
Деятельность железнодорожного транспорта: междугородные и международные пассажирские перевозки,49.10,2024.0,0.06779661016949153
Перевозка пассажиров железнодорожным транспортом в междугородном сообщении,49.10.1,2021.0,0.00546448087431694
Перевозка пассажиров железнодорожным транспортом в междугородном сообщении,49.10.1,2022.0,0.016042780748663103
Перевозка пассажиров железнодорожным транспортом в междугородном сообщении,49.10.1,2023.0,0.06
Перевозка пассажиров железнодорожным транспортом в междугородном сообщении,49.10.1,2024.0,0.07407407407407407
Перевозка пассажиров железнодорожным транспортом в междугородном сообщении в регулируемом секторе,49.10.11,2021.0,0.007692307692307693
Перевозка пассажиров железнодорожным транспортом в междугородном сообщении в регулируемом секторе,49.10.11,2022.0,0.014084507042253521
Перевозка пассажиров железнодорожным транспортом в междугородном сообщении в регулируемом секторе,49.10.11,2023.0,0.03225806451612903
Перевозка пассажиров железнодорожным транспортом в междугородном сообщении в регулируемом секторе,49.10.11,2024.0,0.04081632653061224
Перевозка пассажиров железнодорожным транспортом в междугородном сообщении в нерегулируемом секторе,49.10.12,2021.0,
Перевозка пассажиров железнодорожным транспортом в междугородном сообщении в нерегулируемом секторе,49.10.12,2022.0,0.3333333333333333
Перевозка пассажиров железнодорожным транспортом в междугородном сообщении в нерегулируемом секторе,49.10.12,2023.0,1.0
Перевозка пассажиров железнодорожным транспортом в междугородном сообщении в нерегулируемом секторе,49.10.12,2024.0,1.0
Перевозка пассажиров железнодорожным транспортом в международном сообщении,49.10.2,2022.0,
Деятельность железнодорожного транспорта: грузовые перевозки,49.20,2021.0,0.049162011173184354
Деятельность железнодорожного транспорта: грузовые перевозки,49.20,2022.0,0.05698324022346369
Деятельность железнодорожного транспорта: грузовые перевозки,49.20,2023.0,0.19801980198019803
Деятельность железнодорожного транспорта: грузовые перевозки,49.20,2024.0,0.18097447795823665
Перевозка опасных грузов,49.20.1,2021.0,
Перевозка опасных грузов,49.20.1,2022.0,
Перевозка опасных грузов,49.20.1,2023.0,0.038461538461538464
Перевозка опасных грузов,49.20.1,2024.0,0.06818181818181818
Перевозка прочих грузов,49.20.9,2021.0,0.06576980568011959
Перевозка прочих грузов,49.20.9,2022.0,0.032904148783977114
Перевозка прочих грузов,49.20.9,2023.0,0.23353293413173654
Перевозка прочих грузов,49.20.9,2024.0,0.22796352583586627
Деятельность прочего сухопутного пассажирского транспорта,49.3,2021.0,0.03734439834024896
Деятельность прочего сухопутного пассажирского транспорта,49.3,2022.0,0.0651277823577906
Деятельность прочего сухопутного пассажирского транспорта,49.3,2023.0,0.039016115351993216
Деятельность прочего сухопутного пассажирского транспорта,49.3,2024.0,0.02821869488536155
Деятельность сухопутного пассажирского транспорта: перевозки пассажиров в городском и пригородном сообщении,49.31,2021.0,0.03916768665850673
Деятельность сухопутного пассажирского транспорта: перевозки пассажиров в городском и пригородном сообщении,49.31,2022.0,0.07608695652173914
Деятельность сухопутного пассажирского транспорта: перевозки пассажиров в городском и пригородном сообщении,49.31,2023.0,0.046019900497512436
Деятельность сухопутного пассажирского транспорта: перевозки пассажиров в городском и пригородном сообщении,49.31,2024.0,0.032467532467532464
Перевозка пассажиров железнодорожным транспортом в пригородном сообщении,49.31.1,2021.0,0.13414634146341464
Перевозка пассажиров железнодорожным транспортом в пригородном сообщении,49.31.1,2022.0,0.13333333333333333
Перевозка пассажиров железнодорожным транспортом в пригородном сообщении,49.31.1,2023.0,0.16666666666666666
Перевозка пассажиров железнодорожным транспортом в пригородном сообщении,49.31.1,2024.0,0.09210526315789473
Перевозка пассажиров железнодорожным транспортом в пригородном сообщении в регулируемом секторе,49.31.11,2021.0,0.13580246913580246
Перевозка пассажиров железнодорожным транспортом в пригородном сообщении в регулируемом секторе,49.31.11,2022.0,0.14457831325301204
Перевозка пассажиров железнодорожным транспортом в пригородном сообщении в регулируемом секторе,49.31.11,2023.0,0.17647058823529413
Перевозка пассажиров железнодорожным транспортом в пригородном сообщении в регулируемом секторе,49.31.11,2024.0,0.0547945205479452
Перевозка пассажиров железнодорожным транспортом в пригородном сообщении в нерегулируемом секторе,49.31.12,2022.0,
Перевозка пассажиров железнодорожным транспортом в пригородном сообщении в нерегулируемом секторе,49.31.12,2023.0,
Перевозка пассажиров железнодорожным транспортом в пригородном сообщении в нерегулируемом секторе,49.31.12,2024.0,1.0
Регулярные перевозки пассажиров прочим сухопутным транспортом в городском и пригородном сообщении,49.31.2,2021.0,0.03005008347245409
Регулярные перевозки пассажиров прочим сухопутным транспортом в городском и пригородном сообщении,49.31.2,2022.0,0.06655574043261231
Регулярные перевозки пассажиров прочим сухопутным транспортом в городском и пригородном сообщении,49.31.2,2023.0,0.040268456375838924
Регулярные перевозки пассажиров прочим сухопутным транспортом в городском и пригородном сообщении,49.31.2,2024.0,0.0273972602739726
Регулярные перевозки пассажиров автобусами в городском и пригородном сообщении,49.31.21,2021.0,0.022727272727272728
Регулярные перевозки пассажиров автобусами в городском и пригородном сообщении,49.31.21,2022.0,0.06846473029045644
Регулярные перевозки пассажиров автобусами в городском и пригородном сообщении,49.31.21,2023.0,0.03563941299790356
Регулярные перевозки пассажиров автобусами в городском и пригородном сообщении,49.31.21,2024.0,0.021108179419525065
Регулярные перевозки пассажиров троллейбусами в городском и пригородном сообщении,49.31.22,2021.0,0.021739130434782608
Регулярные перевозки пассажиров троллейбусами в городском и пригородном сообщении,49.31.22,2022.0,0.06382978723404255
Регулярные перевозки пассажиров троллейбусами в городском и пригородном сообщении,49.31.22,2023.0,0.06666666666666667
Регулярные перевозки пассажиров троллейбусами в городском и пригородном сообщении,49.31.22,2024.0,0.07317073170731707
Регулярные перевозки пассажиров трамваями в городском и пригородном сообщении,49.31.23,2021.0,0.09090909090909091
Регулярные перевозки пассажиров трамваями в городском и пригородном сообщении,49.31.23,2022.0,0.06666666666666667
Регулярные перевозки пассажиров трамваями в городском и пригородном сообщении,49.31.23,2023.0,0.020833333333333332
Регулярные перевозки пассажиров трамваями в городском и пригородном сообщении,49.31.23,2024.0,0.0196078431372549
Перевозка пассажиров метрополитеном,49.31.24,2021.0,0.14285714285714285
Перевозка пассажиров метрополитеном,49.31.24,2022.0,0.14285714285714285
Перевозка пассажиров метрополитеном,49.31.24,2023.0,0.2222222222222222
Перевозка пассажиров метрополитеном,49.31.24,2024.0,0.25
"Перевозка пассажиров фуникулерами, подвесными канатными дорогами и подъемниками, являющимися частью городской или пригородной транспортной системы",49.31.25,2021.0,
"Перевозка пассажиров фуникулерами, подвесными канатными дорогами и подъемниками, являющимися частью городской или пригородной транспортной системы",49.31.25,2022.0,
"Перевозка пассажиров фуникулерами, подвесными канатными дорогами и подъемниками, являющимися частью городской или пригородной транспортной системы",49.31.25,2023.0,
"Перевозка пассажиров фуникулерами, подвесными канатными дорогами и подъемниками, являющимися частью городской или пригородной транспортной системы",49.31.25,2024.0,
Деятельность легкового такси и арендованных легковых автомобилей с водителем,49.32,2021.0,0.07142857142857142
Деятельность легкового такси и арендованных легковых автомобилей с водителем,49.32,2022.0,0.07692307692307693
Деятельность легкового такси и арендованных легковых автомобилей с водителем,49.32,2023.0,0.06060606060606061
Деятельность легкового такси и арендованных легковых автомобилей с водителем,49.32,2024.0,
"Деятельность прочего сухопутного пассажирского транспорта, не включенная в другие группировки",49.39,2021.0,0.030555555555555555
"Деятельность прочего сухопутного пассажирского транспорта, не включенная в другие группировки",49.39,2022.0,0.03899721448467967
"Деятельность прочего сухопутного пассажирского транспорта, не включенная в другие группировки",49.39,2023.0,0.02046783625730994
"Деятельность прочего сухопутного пассажирского транспорта, не включенная в другие группировки",49.39,2024.0,0.02064896755162242
"Регулярные перевозки пассажиров сухопутным транспортом, кроме железнодорожного транспорта, в междугородном и международном сообщении, а также специальные перевозки (для собственных нужд)",49.39.1,2021.0,0.03225806451612903
"Регулярные перевозки пассажиров сухопутным транспортом, кроме железнодорожного транспорта, в междугородном и международном сообщении, а также специальные перевозки (для собственных нужд)",49.39.1,2022.0,0.0684931506849315
"Регулярные перевозки пассажиров сухопутным транспортом, кроме железнодорожного транспорта, в междугородном и международном сообщении, а также специальные перевозки (для собственных нужд)",49.39.1,2023.0,0.06153846153846154
"Регулярные перевозки пассажиров сухопутным транспортом, кроме железнодорожного транспорта, в междугородном и международном сообщении, а также специальные перевозки (для собственных нужд)",49.39.1,2024.0,
Регулярные перевозки пассажиров автобусами в междугородном сообщении,49.39.11,2021.0,0.03488372093023256
Регулярные перевозки пассажиров автобусами в междугородном сообщении,49.39.11,2022.0,0.07692307692307693
Регулярные перевозки пассажиров автобусами в междугородном сообщении,49.39.11,2023.0,0.07692307692307693
Регулярные перевозки пассажиров автобусами в междугородном сообщении,49.39.11,2024.0,
Регулярные перевозки пассажиров автобусами в международном сообщении,49.39.12,2021.0,
Регулярные перевозки пассажиров автобусами в международном сообщении,49.39.12,2022.0,
Регулярные перевозки пассажиров автобусами в международном сообщении,49.39.12,2023.0,
Регулярные перевозки пассажиров автобусами в международном сообщении,49.39.12,2024.0,
Специальные перевозки (для собственных нужд) автобусами,49.39.13,2021.0,
Специальные перевозки (для собственных нужд) автобусами,49.39.13,2022.0,
Специальные перевозки (для собственных нужд) автобусами,49.39.13,2023.0,
Специальные перевозки (для собственных нужд) автобусами,49.39.13,2024.0,
"Перевозка пассажиров фуникулерами, подвесными канатными дорогами и лыжными подъемниками, не являющимися частью внутригородской, пригородной или городской и пригородной транспортных систем",49.39.2,2021.0,
"Перевозка пассажиров фуникулерами, подвесными канатными дорогами и лыжными подъемниками, не являющимися частью внутригородской, пригородной или городской и пригородной транспортных систем",49.39.2,2022.0,
"Перевозка пассажиров фуникулерами, подвесными канатными дорогами и лыжными подъемниками, не являющимися частью внутригородской, пригородной или городской и пригородной транспортных систем",49.39.2,2023.0,
"Перевозка пассажиров фуникулерами, подвесными канатными дорогами и лыжными подъемниками, не являющимися частью внутригородской, пригородной или городской и пригородной транспортных систем",49.39.2,2024.0,0.14285714285714285
Перевозки пассажиров сухопутным транспортом по заказам,49.39.3,2021.0,0.03398058252427184
Перевозки пассажиров сухопутным транспортом по заказам,49.39.3,2022.0,0.03982300884955752
Перевозки пассажиров сухопутным транспортом по заказам,49.39.3,2023.0,0.009302325581395349
Перевозки пассажиров сухопутным транспортом по заказам,49.39.3,2024.0,0.018518518518518517
Перевозки пассажиров арендованными автобусами с водителем,49.39.31,2021.0,
Перевозки пассажиров арендованными автобусами с водителем,49.39.31,2022.0,
Перевозки пассажиров арендованными автобусами с водителем,49.39.31,2023.0,
Перевозки пассажиров арендованными автобусами с водителем,49.39.31,2024.0,
Перевозка пассажиров автобусами по туристическим или экскурсионным маршрутам,49.39.32,2021.0,
Перевозка пассажиров автобусами по туристическим или экскурсионным маршрутам,49.39.32,2022.0,
"Перевозка пассажиров автобусами в городском и пригородном сообщении по заказам, за исключением перевозки арендованными автобусами с водителем и по туристическим или экскурсионным маршрутам",49.39.33,2021.0,
"Перевозка пассажиров автобусами в городском и пригородном сообщении по заказам, за исключением перевозки арендованными автобусами с водителем и по туристическим или экскурсионным маршрутам",49.39.33,2022.0,0.3333333333333333
"Перевозка пассажиров автобусами в городском и пригородном сообщении по заказам, за исключением перевозки арендованными автобусами с водителем и по туристическим или экскурсионным маршрутам",49.39.33,2023.0,
"Перевозка пассажиров автобусами в городском и пригородном сообщении по заказам, за исключением перевозки арендованными автобусами с водителем и по туристическим или экскурсионным маршрутам",49.39.33,2024.0,
"Перевозка пассажиров автобусами в междугородном и международном сообщении по заказам, за исключением перевозки арендованными автобусами с водителем и по туристическим или экскурсионным маршрутам",49.39.34,2021.0,
"Перевозка пассажиров автобусами в междугородном и международном сообщении по заказам, за исключением перевозки арендованными автобусами с водителем и по туристическим или экскурсионным маршрутам",49.39.34,2022.0,
"Перевозки пассажиров сухопутным транспортом прочие, не включенные в другие группировки",49.39.39,2021.0,0.03664921465968586
"Перевозки пассажиров сухопутным транспортом прочие, не включенные в другие группировки",49.39.39,2022.0,0.03333333333333333
"Перевозки пассажиров сухопутным транспортом прочие, не включенные в другие группировки",49.39.39,2023.0,0.009950248756218905
"Перевозки пассажиров сухопутным транспортом прочие, не включенные в другие группировки",49.39.39,2024.0,0.01951219512195122
Деятельность автомобильного грузового транспорта и услуги по перевозкам,49.4,2021.0,0.08856088560885608
Деятельность автомобильного грузового транспорта и услуги по перевозкам,49.4,2022.0,0.0462211118051218
Деятельность автомобильного грузового транспорта и услуги по перевозкам,49.4,2023.0,0.026041666666666668
Деятельность автомобильного грузового транспорта и услуги по перевозкам,49.4,2024.0,0.02281947261663286
Деятельность автомобильного грузового транспорта,49.41,2021.0,0.09315286624203821
Деятельность автомобильного грузового транспорта,49.41,2022.0,0.048731642189586116
Деятельность автомобильного грузового транспорта,49.41,2023.0,0.02225047679593134
Деятельность автомобильного грузового транспорта,49.41,2024.0,0.02464985994397759
Перевозка грузов специализированными автотранспортными средствами,49.41.1,2021.0,0.024539877300613498
Перевозка грузов специализированными автотранспортными средствами,49.41.1,2022.0,0.044573643410852716
Перевозка грузов специализированными автотранспортными средствами,49.41.1,2023.0,0.019434628975265017
Перевозка грузов специализированными автотранспортными средствами,49.41.1,2024.0,0.03987240829346093
Перевозка грузов неспециализированными автотранспортными средствами,49.41.2,2021.0,0.16817359855334538
Перевозка грузов неспециализированными автотранспортными средствами,49.41.2,2022.0,0.037991858887381276
Перевозка грузов неспециализированными автотранспортными средствами,49.41.2,2023.0,0.013986013986013986
Перевозка грузов неспециализированными автотранспортными средствами,49.41.2,2024.0,0.011235955056179775
Аренда грузового автомобильного транспорта с водителем,49.41.3,2021.0,
Аренда грузового автомобильного транспорта с водителем,49.41.3,2022.0,0.043478260869565216
Аренда грузового автомобильного транспорта с водителем,49.41.3,2023.0,0.03333333333333333
Аренда грузового автомобильного транспорта с водителем,49.41.3,2024.0,0.06060606060606061
Предоставление услуг по перевозкам,49.42,2021.0,0.030303030303030304
Предоставление услуг по перевозкам,49.42,2022.0,0.009708737864077669
Предоставление услуг по перевозкам,49.42,2023.0,0.06451612903225806
Предоставление услуг по перевозкам,49.42,2024.0,0.0053475935828877
Деятельность трубопроводного транспорта,49.50,2021.0,0.008048289738430584
Деятельность трубопроводного транспорта,49.50,2022.0,0.016666666666666666
Деятельность трубопроводного транспорта,49.50,2023.0,0.03189066059225513
Деятельность трубопроводного транспорта,49.50,2024.0,0.008368200836820083
Транспортирование по трубопроводам нефти и нефтепродуктов,49.50.1,2021.0,0.00819672131147541
Транспортирование по трубопроводам нефти и нефтепродуктов,49.50.1,2022.0,0.008928571428571428
Транспортирование по трубопроводам нефти и нефтепродуктов,49.50.1,2023.0,0.009009009009009009
Транспортирование по трубопроводам нефти и нефтепродуктов,49.50.1,2024.0,0.004347826086956522
Транспортирование по трубопроводам нефти,49.50.11,2021.0,0.008583690987124463
Транспортирование по трубопроводам нефти,49.50.11,2022.0,0.0091324200913242
Транспортирование по трубопроводам нефти,49.50.11,2023.0,0.009389671361502348
Транспортирование по трубопроводам нефти,49.50.11,2024.0,0.004545454545454545
Транспортирование по трубопроводам нефтепродуктов,49.50.12,2021.0,
Транспортирование по трубопроводам нефтепродуктов,49.50.12,2022.0,
Транспортирование по трубопроводам нефтепродуктов,49.50.12,2023.0,
Транспортирование по трубопроводам нефтепродуктов,49.50.12,2024.0,
Транспортирование по трубопроводам газа и продуктов его переработки,49.50.2,2021.0,0.00816326530612245
Транспортирование по трубопроводам газа и продуктов его переработки,49.50.2,2022.0,0.024096385542168676
Транспортирование по трубопроводам газа и продуктов его переработки,49.50.2,2023.0,0.05263157894736842
Транспортирование по трубопроводам газа и продуктов его переработки,49.50.2,2024.0,0.012711864406779662
Транспортирование по трубопроводам газа,49.50.21,2021.0,0.008403361344537815
Транспортирование по трубопроводам газа,49.50.21,2022.0,0.0205761316872428
Транспортирование по трубопроводам газа,49.50.21,2023.0,0.05365853658536585
Транспортирование по трубопроводам газа,49.50.21,2024.0,0.01293103448275862
Транспортирование по трубопроводам продуктов переработки газа,49.50.22,2021.0,
Транспортирование по трубопроводам продуктов переработки газа,49.50.22,2022.0,0.3333333333333333
Транспортирование по трубопроводам продуктов переработки газа,49.50.22,2023.0,
Транспортирование по трубопроводам продуктов переработки газа,49.50.22,2024.0,
Сухопутная конвейерная транспортировка угля,49.50.3,2021.0,
Сухопутная конвейерная транспортировка угля,49.50.3,2022.0,
Сухопутная конвейерная транспортировка угля,49.50.3,2023.0,
Сухопутная конвейерная транспортировка угля,49.50.3,2024.0,
Деятельность трубопроводного транспорта прочая,49.50.9,2022.0,
Деятельность трубопроводного транспорта прочая,49.50.9,2023.0,0.25
Деятельность трубопроводного транспорта прочая,49.50.9,2024.0,
Деятельность водного транспорта,50,2021.0,0.02100840336134454
Деятельность водного транспорта,50,2022.0,0.03861003861003861
Деятельность водного транспорта,50,2023.0,0.02054794520547945
Деятельность водного транспорта,50,2024.0,0.03821656050955414
Деятельность морского пассажирского транспорта,50.10,2021.0,
Деятельность морского пассажирского транспорта,50.10,2022.0,
Деятельность морского пассажирского транспорта,50.10,2023.0,
Деятельность морского пассажирского транспорта,50.10,2024.0,
Перевозка пассажиров морскими судами заграничного плавания,50.10.1,2023.0,
Перевозка пассажиров морскими судами заграничного плавания,50.10.1,2024.0,
"Перевозка пассажиров морскими судами заграничного плавания, подчиняющимися расписанию",50.10.11,2023.0,
"Перевозка пассажиров морскими судами заграничного плавания, не подчиняющимися расписанию",50.10.12,2024.0,
Перевозка пассажиров морскими судами каботажного плавания,50.10.2,2021.0,
Перевозка пассажиров морскими судами каботажного плавания,50.10.2,2022.0,
Перевозка пассажиров морскими судами каботажного плавания,50.10.2,2023.0,
Перевозка пассажиров морскими судами каботажного плавания,50.10.2,2024.0,
"Перевозка пассажиров морскими судами каботажного плавания, подчиняющимися расписанию",50.10.21,2021.0,
"Перевозка пассажиров морскими судами каботажного плавания, подчиняющимися расписанию",50.10.21,2022.0,
"Перевозка пассажиров морскими судами каботажного плавания, подчиняющимися расписанию",50.10.21,2023.0,
"Перевозка пассажиров морскими судами каботажного плавания, подчиняющимися расписанию",50.10.21,2024.0,
"Перевозка пассажиров морскими судами каботажного плавания, не подчиняющимися расписанию",50.10.22,2021.0,
Аренда морских судов заграничного и каботажного плавания для перевозки пассажиров с экипажем,50.10.3,2021.0,
Аренда морских судов заграничного и каботажного плавания для перевозки пассажиров с экипажем,50.10.3,2022.0,
Аренда морских судов заграничного и каботажного плавания для перевозки пассажиров с экипажем,50.10.3,2023.0,
Аренда морских судов заграничного и каботажного плавания для перевозки пассажиров с экипажем,50.10.3,2024.0,
Аренда морских судов заграничного плавания для перевозки пассажиров с экипажем,50.10.31,2021.0,
Аренда морских судов заграничного плавания для перевозки пассажиров с экипажем,50.10.31,2022.0,
Аренда морских судов заграничного плавания для перевозки пассажиров с экипажем,50.10.31,2023.0,
Аренда морских судов заграничного плавания для перевозки пассажиров с экипажем,50.10.31,2024.0,
Аренда прочих морских судов для перевозки пассажиров с экипажем,50.10.39,2021.0,
Аренда прочих морских судов для перевозки пассажиров с экипажем,50.10.39,2022.0,
Аренда прочих морских судов для перевозки пассажиров с экипажем,50.10.39,2023.0,
Аренда прочих морских судов для перевозки пассажиров с экипажем,50.10.39,2024.0,
Деятельность морского грузового транспорта,50.20,2021.0,0.018518518518518517
Деятельность морского грузового транспорта,50.20,2022.0,0.048
Деятельность морского грузового транспорта,50.20,2023.0,0.032467532467532464
Деятельность морского грузового транспорта,50.20,2024.0,0.05263157894736842
Перевозка грузов морскими судами заграничного плавания,50.20.1,2021.0,
Перевозка грузов морскими судами заграничного плавания,50.20.1,2022.0,0.029411764705882353
Перевозка грузов морскими судами заграничного плавания,50.20.1,2023.0,0.024390243902439025
Перевозка грузов морскими судами заграничного плавания,50.20.1,2024.0,0.025
Перевозка замороженных или охлажденных грузов судами-рефрижераторами заграничного плавания,50.20.11,2021.0,
Перевозка замороженных или охлажденных грузов судами-рефрижераторами заграничного плавания,50.20.11,2022.0,
Перевозка замороженных или охлажденных грузов судами-рефрижераторами заграничного плавания,50.20.11,2023.0,0.08333333333333333
Перевозка замороженных или охлажденных грузов судами-рефрижераторами заграничного плавания,50.20.11,2024.0,
Перевозка нефти морскими судами-танкерами заграничного плавания,50.20.12,2021.0,
Перевозка нефти морскими судами-танкерами заграничного плавания,50.20.12,2022.0,
Перевозка нефти морскими судами-танкерами заграничного плавания,50.20.12,2023.0,
Перевозка нефти морскими судами-танкерами заграничного плавания,50.20.12,2024.0,
Перевозка прочих жидкостей или газов морскими судами-танкерами заграничного плавания,50.20.13,2021.0,
Перевозка прочих жидкостей или газов морскими судами-танкерами заграничного плавания,50.20.13,2022.0,
Перевозка прочих жидкостей или газов морскими судами-танкерами заграничного плавания,50.20.13,2023.0,
Перевозка прочих жидкостей или газов морскими судами-танкерами заграничного плавания,50.20.13,2024.0,
Перевозка контейнерных грузов судами-контейнеровозами заграничного плавания,50.20.14,2021.0,
Перевозка контейнерных грузов судами-контейнеровозами заграничного плавания,50.20.14,2022.0,
Перевозка контейнерных грузов судами-контейнеровозами заграничного плавания,50.20.14,2023.0,
Перевозка сухих сыпучих грузов морскими судами заграничного плавания,50.20.15,2021.0,
Перевозка сухих сыпучих грузов морскими судами заграничного плавания,50.20.15,2022.0,0.3333333333333333
Перевозка сухих сыпучих грузов морскими судами заграничного плавания,50.20.15,2023.0,
Перевозка сухих сыпучих грузов морскими судами заграничного плавания,50.20.15,2024.0,
Перевозка прочих грузов морскими судами заграничного плавания,50.20.19,2021.0,
Перевозка прочих грузов морскими судами заграничного плавания,50.20.19,2022.0,
Перевозка прочих грузов морскими судами заграничного плавания,50.20.19,2023.0,
Перевозка прочих грузов морскими судами заграничного плавания,50.20.19,2024.0,
Перевозка грузов морскими судами каботажного плавания,50.20.2,2021.0,0.043478260869565216
Перевозка грузов морскими судами каботажного плавания,50.20.2,2022.0,
Перевозка грузов морскими судами каботажного плавания,50.20.2,2023.0,
Перевозка грузов морскими судами каботажного плавания,50.20.2,2024.0,0.03225806451612903
Перевозка замороженных или охлажденных грузов судами-рефрижераторами каботажного плавания,50.20.21,2024.0,
Перевозка нефти морскими судами-танкерами каботажного плавания,50.20.22,2021.0,
Перевозка нефти морскими судами-танкерами каботажного плавания,50.20.22,2022.0,
Перевозка нефти морскими судами-танкерами каботажного плавания,50.20.22,2023.0,
Перевозка нефти морскими судами-танкерами каботажного плавания,50.20.22,2024.0,
Перевозка прочих жидкостей или газов морскими судами-танкерами каботажного плавания,50.20.23,2021.0,
Перевозка прочих жидкостей или газов морскими судами-танкерами каботажного плавания,50.20.23,2022.0,
Перевозка прочих жидкостей или газов морскими судами-танкерами каботажного плавания,50.20.23,2023.0,
Перевозка прочих жидкостей или газов морскими судами-танкерами каботажного плавания,50.20.23,2024.0,0.2
Перевозка контейнерных грузов судами-контейнеровозами каботажного плавания,50.20.24,2021.0,
Перевозка контейнерных грузов судами-контейнеровозами каботажного плавания,50.20.24,2022.0,
Перевозка контейнерных грузов судами-контейнеровозами каботажного плавания,50.20.24,2023.0,
Перевозка контейнерных грузов судами-контейнеровозами каботажного плавания,50.20.24,2024.0,
Перевозка сухих сыпучих грузов морскими судами каботажного плавания,50.20.25,2021.0,
Перевозка сухих сыпучих грузов морскими судами каботажного плавания,50.20.25,2022.0,
Перевозка сухих сыпучих грузов морскими судами каботажного плавания,50.20.25,2023.0,
Перевозка сухих сыпучих грузов морскими судами каботажного плавания,50.20.25,2024.0,
Перевозка прочих грузов морскими судами каботажного плавания,50.20.29,2021.0,0.1111111111111111
Перевозка прочих грузов морскими судами каботажного плавания,50.20.29,2022.0,
Перевозка прочих грузов морскими судами каботажного плавания,50.20.29,2023.0,
Перевозка прочих грузов морскими судами каботажного плавания,50.20.29,2024.0,
Аренда морских судов заграничного и каботажного плавания для перевозки грузов с экипажем,50.20.3,2021.0,
Аренда морских судов заграничного и каботажного плавания для перевозки грузов с экипажем,50.20.3,2022.0,0.1
Аренда морских судов заграничного и каботажного плавания для перевозки грузов с экипажем,50.20.3,2023.0,0.12
Аренда морских судов заграничного и каботажного плавания для перевозки грузов с экипажем,50.20.3,2024.0,0.06896551724137931
Аренда морских судов заграничного плавания для перевозки грузов с экипажем,50.20.31,2021.0,
Аренда морских судов заграничного плавания для перевозки грузов с экипажем,50.20.31,2022.0,0.25
Аренда морских судов заграничного плавания для перевозки грузов с экипажем,50.20.31,2023.0,0.2727272727272727
Аренда морских судов заграничного плавания для перевозки грузов с экипажем,50.20.31,2024.0,0.18181818181818182
Аренда морских судов каботажного плавания для перевозки грузов с экипажем,50.20.32,2021.0,
Аренда морских судов каботажного плавания для перевозки грузов с экипажем,50.20.32,2022.0,
Аренда морских судов каботажного плавания для перевозки грузов с экипажем,50.20.32,2023.0,
Аренда морских судов каботажного плавания для перевозки грузов с экипажем,50.20.32,2024.0,
"Буксировка и маневровые услуги, оказываемые судами заграничного и каботажного плавания",50.20.4,2021.0,0.14285714285714285
"Буксировка и маневровые услуги, оказываемые судами заграничного и каботажного плавания",50.20.4,2022.0,0.09090909090909091
"Буксировка и маневровые услуги, оказываемые судами заграничного и каботажного плавания",50.20.4,2023.0,
"Буксировка и маневровые услуги, оказываемые судами заграничного и каботажного плавания",50.20.4,2024.0,
Буксировка судами заграничного и каботажного плавания,50.20.41,2021.0,
Буксировка судами заграничного и каботажного плавания,50.20.41,2022.0,
Буксировка судами заграничного и каботажного плавания,50.20.41,2023.0,
Буксировка судами заграничного и каботажного плавания,50.20.41,2024.0,
Деятельность по оказанию маневровых услуг судами заграничного и каботажного плавания,50.20.42,2021.0,0.2
Деятельность по оказанию маневровых услуг судами заграничного и каботажного плавания,50.20.42,2022.0,0.2
Деятельность по оказанию маневровых услуг судами заграничного и каботажного плавания,50.20.42,2023.0,
Деятельность по оказанию маневровых услуг судами заграничного и каботажного плавания,50.20.42,2024.0,
Деятельность внутреннего водного пассажирского транспорта,50.30,2021.0,0.037037037037037035
Деятельность внутреннего водного пассажирского транспорта,50.30,2022.0,0.030303030303030304
Деятельность внутреннего водного пассажирского транспорта,50.30,2023.0,
Деятельность внутреннего водного пассажирского транспорта,50.30,2024.0,
Перевозка пассажиров по внутренним водным путям,50.30.1,2021.0,0.05263157894736842
Перевозка пассажиров по внутренним водным путям,50.30.1,2022.0,0.045454545454545456
Перевозка пассажиров по внутренним водным путям,50.30.1,2023.0,
Перевозка пассажиров по внутренним водным путям,50.30.1,2024.0,
Аренда судов внутреннего водного транспорта для перевозки пассажиров с экипажем,50.30.2,2021.0,
Аренда судов внутреннего водного транспорта для перевозки пассажиров с экипажем,50.30.2,2022.0,
Аренда судов внутреннего водного транспорта для перевозки пассажиров с экипажем,50.30.2,2023.0,
Аренда судов внутреннего водного транспорта для перевозки пассажиров с экипажем,50.30.2,2024.0,
Деятельность внутреннего водного грузового транспорта,50.40,2021.0,0.022988505747126436
Деятельность внутреннего водного грузового транспорта,50.40,2022.0,0.03409090909090909
Деятельность внутреннего водного грузового транспорта,50.40,2023.0,0.010638297872340425
Деятельность внутреннего водного грузового транспорта,50.40,2024.0,0.031578947368421054
Перевозка грузов по внутренним водным путям,50.40.1,2021.0,0.03125
Перевозка грузов по внутренним водным путям,50.40.1,2022.0,0.04411764705882353
Перевозка грузов по внутренним водным путям,50.40.1,2023.0,0.012987012987012988
Перевозка грузов по внутренним водным путям,50.40.1,2024.0,0.04054054054054054
Буксировка и маневровые услуги на внутренних водных путях,50.40.2,2021.0,
Буксировка и маневровые услуги на внутренних водных путях,50.40.2,2022.0,
Буксировка и маневровые услуги на внутренних водных путях,50.40.2,2023.0,
Буксировка и маневровые услуги на внутренних водных путях,50.40.2,2024.0,
Аренда судов внутреннего водного транспорта для перевозки грузов с экипажем,50.40.3,2021.0,
Аренда судов внутреннего водного транспорта для перевозки грузов с экипажем,50.40.3,2022.0,
Аренда судов внутреннего водного транспорта для перевозки грузов с экипажем,50.40.3,2023.0,
Аренда судов внутреннего водного транспорта для перевозки грузов с экипажем,50.40.3,2024.0,
Деятельность воздушного и космического транспорта,51,2021.0,0.020895522388059702
Деятельность воздушного и космического транспорта,51,2022.0,0.029239766081871343
Деятельность воздушного и космического транспорта,51,2023.0,0.022598870056497175
Деятельность воздушного и космического транспорта,51,2024.0,0.1329639889196676
Деятельность пассажирского воздушного транспорта,51.10,2021.0,0.026415094339622643
Деятельность пассажирского воздушного транспорта,51.10,2022.0,0.029304029304029304
Деятельность пассажирского воздушного транспорта,51.10,2023.0,0.017793594306049824
Деятельность пассажирского воздушного транспорта,51.10,2024.0,0.15699658703071673
"Перевозка воздушным пассажирским транспортом, подчиняющимся расписанию",51.10.1,2021.0,0.03015075376884422
"Перевозка воздушным пассажирским транспортом, подчиняющимся расписанию",51.10.1,2022.0,0.035
"Перевозка воздушным пассажирским транспортом, подчиняющимся расписанию",51.10.1,2023.0,0.02040816326530612
"Перевозка воздушным пассажирским транспортом, подчиняющимся расписанию",51.10.1,2024.0,0.22439024390243903
"Перевозка воздушным пассажирским транспортом, не подчиняющимся расписанию",51.10.2,2021.0,0.015873015873015872
"Перевозка воздушным пассажирским транспортом, не подчиняющимся расписанию",51.10.2,2022.0,0.014084507042253521
"Перевозка воздушным пассажирским транспортом, не подчиняющимся расписанию",51.10.2,2023.0,0.013157894736842105
"Перевозка воздушным пассажирским транспортом, не подчиняющимся расписанию",51.10.2,2024.0,
Аренда воздушного судна с экипажем для перевозки пассажиров,51.10.3,2021.0,
Аренда воздушного судна с экипажем для перевозки пассажиров,51.10.3,2022.0,
Аренда воздушного судна с экипажем для перевозки пассажиров,51.10.3,2023.0,
Аренда воздушного судна с экипажем для перевозки пассажиров,51.10.3,2024.0,
Деятельность грузового воздушного транспорта и космического транспорта,51.2,2021.0,
Деятельность грузового воздушного транспорта и космического транспорта,51.2,2022.0,0.028985507246376812
Деятельность грузового воздушного транспорта и космического транспорта,51.2,2023.0,0.0410958904109589
Деятельность грузового воздушного транспорта и космического транспорта,51.2,2024.0,0.029411764705882353
Деятельность грузового воздушного транспорта,51.21,2021.0,
Деятельность грузового воздушного транспорта,51.21,2022.0,0.031746031746031744
Деятельность грузового воздушного транспорта,51.21,2023.0,0.043478260869565216
Деятельность грузового воздушного транспорта,51.21,2024.0,0.03125
"Перевозка воздушным грузовым транспортом, подчиняющимся расписанию",51.21.1,2021.0,
"Перевозка воздушным грузовым транспортом, подчиняющимся расписанию",51.21.1,2022.0,
"Перевозка воздушным грузовым транспортом, подчиняющимся расписанию",51.21.1,2023.0,
"Перевозка воздушным грузовым транспортом, подчиняющимся расписанию",51.21.1,2024.0,
"Перевозка воздушным грузовым транспортом, не подчиняющимся расписанию",51.21.2,2021.0,
"Перевозка воздушным грузовым транспортом, не подчиняющимся расписанию",51.21.2,2022.0,0.04081632653061224
"Перевозка воздушным грузовым транспортом, не подчиняющимся расписанию",51.21.2,2023.0,0.05263157894736842
"Перевозка воздушным грузовым транспортом, не подчиняющимся расписанию",51.21.2,2024.0,0.03773584905660377
Аренда грузовых воздушных судов с экипажем,51.21.3,2021.0,
Аренда грузовых воздушных судов с экипажем,51.21.3,2022.0,
Аренда грузовых воздушных судов с экипажем,51.21.3,2023.0,
Деятельность космического транспорта,51.22,2021.0,
Деятельность космического транспорта,51.22,2022.0,
Деятельность космического транспорта,51.22,2023.0,
Деятельность космического транспорта,51.22,2024.0,
Запуск ракет космического назначения и выведение космических объектов на орбиту,51.22.3,2021.0,
Запуск ракет космического назначения и выведение космических объектов на орбиту,51.22.3,2022.0,
Запуск ракет космического назначения и выведение космических объектов на орбиту,51.22.3,2023.0,
Запуск ракет космического назначения и выведение космических объектов на орбиту,51.22.3,2024.0,
Складское хозяйство и вспомогательная транспортная деятельность,52,2021.0,0.057183702644746245
Складское хозяйство и вспомогательная транспортная деятельность,52,2022.0,0.07719731249143014
Складское хозяйство и вспомогательная транспортная деятельность,52,2023.0,0.07613657111557422
Складское хозяйство и вспомогательная транспортная деятельность,52,2024.0,0.0726950354609929
Деятельность по складированию и хранению,52.10,2021.0,0.03295668549905838
Деятельность по складированию и хранению,52.10,2022.0,0.046804680468046804
Деятельность по складированию и хранению,52.10,2023.0,0.01811248808388942
Деятельность по складированию и хранению,52.10,2024.0,0.020637898686679174
Хранение и складирование замороженных или охлажденных грузов,52.10.1,2021.0,0.043478260869565216
Хранение и складирование замороженных или охлажденных грузов,52.10.1,2022.0,0.09090909090909091
Хранение и складирование замороженных или охлажденных грузов,52.10.1,2023.0,0.03614457831325301
Хранение и складирование замороженных или охлажденных грузов,52.10.1,2024.0,0.0641025641025641
Хранение и складирование жидких или газообразных грузов,52.10.2,2021.0,0.006993006993006993
Хранение и складирование жидких или газообразных грузов,52.10.2,2022.0,0.025806451612903226
Хранение и складирование жидких или газообразных грузов,52.10.2,2023.0,
Хранение и складирование жидких или газообразных грузов,52.10.2,2024.0,0.005128205128205128
Хранение и складирование нефти и продуктов ее переработки,52.10.21,2021.0,0.008771929824561403
Хранение и складирование нефти и продуктов ее переработки,52.10.21,2022.0,0.017391304347826087
Хранение и складирование нефти и продуктов ее переработки,52.10.21,2023.0,
Хранение и складирование нефти и продуктов ее переработки,52.10.21,2024.0,
Хранение и складирование газа и продуктов его переработки,52.10.22,2021.0,
Хранение и складирование газа и продуктов его переработки,52.10.22,2022.0,
Хранение и складирование газа и продуктов его переработки,52.10.22,2023.0,
Хранение и складирование газа и продуктов его переработки,52.10.22,2024.0,0.02857142857142857
Хранение и складирование прочих жидких или газообразных грузов,52.10.23,2021.0,
Хранение и складирование прочих жидких или газообразных грузов,52.10.23,2022.0,0.125
Хранение и складирование прочих жидких или газообразных грузов,52.10.23,2023.0,
Хранение и складирование прочих жидких или газообразных грузов,52.10.23,2024.0,
Хранение и складирование зерна,52.10.3,2021.0,0.006756756756756757
Хранение и складирование зерна,52.10.3,2022.0,0.057692307692307696
Хранение и складирование зерна,52.10.3,2023.0,0.019230769230769232
Хранение и складирование зерна,52.10.3,2024.0,0.005952380952380952
Хранение ядерных материалов и радиоактивных веществ,52.10.4,2021.0,0.1111111111111111
Хранение ядерных материалов и радиоактивных веществ,52.10.4,2022.0,0.4
Хранение ядерных материалов и радиоактивных веществ,52.10.4,2023.0,
Хранение ядерных материалов и радиоактивных веществ,52.10.4,2024.0,
Хранение и складирование прочих грузов,52.10.9,2021.0,0.04734848484848485
Хранение и складирование прочих грузов,52.10.9,2022.0,0.04
Хранение и складирование прочих грузов,52.10.9,2023.0,0.019955654101995565
Хранение и складирование прочих грузов,52.10.9,2024.0,0.017777777777777778
Деятельность транспортная вспомогательная,52.2,2021.0,0.061520310129782575
Деятельность транспортная вспомогательная,52.2,2022.0,0.08265933354901327
Деятельность транспортная вспомогательная,52.2,2023.0,0.08988256549232158
Деятельность транспортная вспомогательная,52.2,2024.0,0.08482728465238304
"Деятельность вспомогательная, связанная с сухопутным транспортом",52.21,2021.0,0.02717391304347826
"Деятельность вспомогательная, связанная с сухопутным транспортом",52.21,2022.0,0.03502334889926618
"Деятельность вспомогательная, связанная с сухопутным транспортом",52.21,2023.0,0.038818565400843885
"Деятельность вспомогательная, связанная с сухопутным транспортом",52.21,2024.0,0.0256198347107438
"Деятельность вспомогательная, связанная с железнодорожным транспортом",52.21.1,2021.0,0.026604068857589983
"Деятельность вспомогательная, связанная с железнодорожным транспортом",52.21.1,2022.0,0.03044280442804428
"Деятельность вспомогательная, связанная с железнодорожным транспортом",52.21.1,2023.0,0.03428571428571429
"Деятельность вспомогательная, связанная с железнодорожным транспортом",52.21.1,2024.0,0.04011461318051576
Предоставление железнодорожных маневровых или буксировочных услуг,52.21.11,2021.0,
Предоставление железнодорожных маневровых или буксировочных услуг,52.21.11,2022.0,0.06382978723404255
Предоставление железнодорожных маневровых или буксировочных услуг,52.21.11,2023.0,0.03125
Предоставление железнодорожных маневровых или буксировочных услуг,52.21.11,2024.0,
Деятельность железнодорожных пассажирских вокзалов и грузовых терминалов,52.21.12,2021.0,0.010526315789473684
Деятельность железнодорожных пассажирских вокзалов и грузовых терминалов,52.21.12,2022.0,0.015706806282722512
Деятельность железнодорожных пассажирских вокзалов и грузовых терминалов,52.21.12,2023.0,
Деятельность железнодорожных пассажирских вокзалов и грузовых терминалов,52.21.12,2024.0,
Деятельность железнодорожной инфраструктуры,52.21.13,2021.0,0.03140333660451423
Деятельность железнодорожной инфраструктуры,52.21.13,2022.0,0.025108225108225107
Деятельность железнодорожной инфраструктуры,52.21.13,2023.0,
Деятельность железнодорожной инфраструктуры,52.21.13,2024.0,
"Деятельность вспомогательная прочая, связанная с железнодорожным транспортом",52.21.19,2021.0,0.024793388429752067
"Деятельность вспомогательная прочая, связанная с железнодорожным транспортом",52.21.19,2022.0,0.036211699164345405
"Деятельность вспомогательная прочая, связанная с железнодорожным транспортом",52.21.19,2023.0,0.032846715328467155
"Деятельность вспомогательная прочая, связанная с железнодорожным транспортом",52.21.19,2024.0,0.04363636363636364
"Деятельность вспомогательная, связанная с автомобильным транспортом",52.21.2,2021.0,0.029666254635352288
"Деятельность вспомогательная, связанная с автомобильным транспортом",52.21.2,2022.0,0.04665825977301387
"Деятельность вспомогательная, связанная с автомобильным транспортом",52.21.2,2023.0,0.039603960396039604
"Деятельность вспомогательная, связанная с автомобильным транспортом",52.21.2,2024.0,0.018159806295399514
Деятельность автовокзалов и автостанций,52.21.21,2021.0,0.04
Деятельность автовокзалов и автостанций,52.21.21,2022.0,0.06521739130434782
Деятельность автовокзалов и автостанций,52.21.21,2023.0,0.024390243902439025
Деятельность автовокзалов и автостанций,52.21.21,2024.0,
Деятельность по эксплуатации автомобильных дорог и автомагистралей,52.21.22,2021.0,0.029143897996357013
Деятельность по эксплуатации автомобильных дорог и автомагистралей,52.21.22,2022.0,0.041044776119402986
Деятельность по эксплуатации автомобильных дорог и автомагистралей,52.21.22,2023.0,0.038181818181818185
Деятельность по эксплуатации автомобильных дорог и автомагистралей,52.21.22,2024.0,0.018018018018018018
Деятельность по эксплуатации мостов и тоннелей,52.21.23,2021.0,
Деятельность по эксплуатации мостов и тоннелей,52.21.23,2022.0,0.17647058823529413
Деятельность по эксплуатации мостов и тоннелей,52.21.23,2023.0,0.1111111111111111
Деятельность по эксплуатации мостов и тоннелей,52.21.23,2024.0,0.0625
Деятельность стоянок для транспортных средств,52.21.24,2021.0,0.04819277108433735
Деятельность стоянок для транспортных средств,52.21.24,2022.0,0.0625
Деятельность стоянок для транспортных средств,52.21.24,2023.0,0.06451612903225806
Деятельность стоянок для транспортных средств,52.21.24,2024.0,0.0136986301369863
Деятельность по буксировке автотранспортных средств,52.21.25,2024.0,
"Деятельность вспомогательная прочая, связанная с автомобильным транспортом",52.21.29,2021.0,0.018867924528301886
"Деятельность вспомогательная прочая, связанная с автомобильным транспортом",52.21.29,2022.0,0.01818181818181818
"Деятельность вспомогательная прочая, связанная с автомобильным транспортом",52.21.29,2023.0,0.05555555555555555
"Деятельность вспомогательная прочая, связанная с автомобильным транспортом",52.21.29,2024.0,0.039473684210526314
"Деятельность вспомогательная, связанная с трубопроводным транспортом",52.21.3,2021.0,
"Деятельность вспомогательная, связанная с трубопроводным транспортом",52.21.3,2022.0,
"Деятельность вспомогательная, связанная с трубопроводным транспортом",52.21.3,2023.0,0.2857142857142857
"Деятельность вспомогательная, связанная с трубопроводным транспортом",52.21.3,2024.0,
"Деятельность вспомогательная, связанная с водным транспортом",52.22,2021.0,0.00946372239747634
"Деятельность вспомогательная, связанная с водным транспортом",52.22,2022.0,0.0457516339869281
"Деятельность вспомогательная, связанная с водным транспортом",52.22,2023.0,0.01929260450160772
"Деятельность вспомогательная, связанная с водным транспортом",52.22,2024.0,0.018808777429467086
"Деятельность вспомогательная, связанная с морским транспортом",52.22.1,2021.0,0.009259259259259259
"Деятельность вспомогательная, связанная с морским транспортом",52.22.1,2022.0,0.055
"Деятельность вспомогательная, связанная с морским транспортом",52.22.1,2023.0,0.029556650246305417
"Деятельность вспомогательная, связанная с морским транспортом",52.22.1,2024.0,0.01904761904761905
"Деятельность инфраструктуры морских портов, включая портовые гидротехнические сооружения (причалы, морские терминалы, доки и др.)",52.22.11,2021.0,
"Деятельность инфраструктуры морских портов, включая портовые гидротехнические сооружения (причалы, морские терминалы, доки и др.)",52.22.11,2022.0,
"Деятельность инфраструктуры морских портов, включая портовые гидротехнические сооружения (причалы, морские терминалы, доки и др.)",52.22.11,2023.0,
"Деятельность инфраструктуры морских портов, включая портовые гидротехнические сооружения (причалы, морские терминалы, доки и др.)",52.22.11,2024.0,
"Обеспечение судоходства в морских и прибрежных водах, включая лоцманскую проводку судов",52.22.12,2021.0,
"Обеспечение судоходства в морских и прибрежных водах, включая лоцманскую проводку судов",52.22.12,2022.0,
"Обеспечение судоходства в морских и прибрежных водах, включая лоцманскую проводку судов",52.22.12,2023.0,
"Обеспечение судоходства в морских и прибрежных водах, включая лоцманскую проводку судов",52.22.12,2024.0,
"Деятельность по постановке судов к причалу, осуществление швартовых операций с судами в морских портах",52.22.13,2021.0,
"Деятельность по постановке судов к причалу, осуществление швартовых операций с судами в морских портах",52.22.13,2022.0,
"Деятельность по постановке судов к причалу, осуществление швартовых операций с судами в морских портах",52.22.13,2023.0,
"Деятельность по постановке судов к причалу, осуществление швартовых операций с судами в морских портах",52.22.13,2024.0,
Деятельность по навигационному обеспечению судоходства на морском транспорте,52.22.14,2021.0,
Деятельность по навигационному обеспечению судоходства на морском транспорте,52.22.14,2022.0,
Деятельность по навигационному обеспечению судоходства на морском транспорте,52.22.14,2023.0,
Деятельность по навигационному обеспечению судоходства на морском транспорте,52.22.14,2024.0,
Деятельность аварийно-спасательная и судоподъемная на морском транспорте,52.22.15,2021.0,0.16666666666666666
Деятельность аварийно-спасательная и судоподъемная на морском транспорте,52.22.15,2022.0,
Деятельность аварийно-спасательная и судоподъемная на морском транспорте,52.22.15,2023.0,0.2222222222222222
Деятельность аварийно-спасательная и судоподъемная на морском транспорте,52.22.15,2024.0,
"Снабженческое (шипчандлерское) обслуживание судов, включая бункеровку судов топливом, обслуживание судов в период стоянки в портах: агентирование судов, обследовательское (сюрвейерское) обслуживание судов на морском транспорте",52.22.16,2021.0,
"Снабженческое (шипчандлерское) обслуживание судов, включая бункеровку судов топливом, обслуживание судов в период стоянки в портах: агентирование судов, обследовательское (сюрвейерское) обслуживание судов на морском транспорте",52.22.16,2022.0,0.36363636363636365
"Снабженческое (шипчандлерское) обслуживание судов, включая бункеровку судов топливом, обслуживание судов в период стоянки в портах: агентирование судов, обследовательское (сюрвейерское) обслуживание судов на морском транспорте",52.22.16,2023.0,0.13043478260869565
"Снабженческое (шипчандлерское) обслуживание судов, включая бункеровку судов топливом, обслуживание судов в период стоянки в портах: агентирование судов, обследовательское (сюрвейерское) обслуживание судов на морском транспорте",52.22.16,2024.0,0.045454545454545456
Деятельность ледокольного флота на морском транспорте,52.22.18,2021.0,
Деятельность ледокольного флота на морском транспорте,52.22.18,2022.0,
Деятельность ледокольного флота на морском транспорте,52.22.18,2023.0,
Деятельность ледокольного флота на морском транспорте,52.22.18,2024.0,
"Деятельность вспомогательная, связанная морским транспортом, прочая, не включенная в другие группировки",52.22.19,2021.0,0.008064516129032258
"Деятельность вспомогательная, связанная морским транспортом, прочая, не включенная в другие группировки",52.22.19,2022.0,0.018691588785046728
"Деятельность вспомогательная, связанная морским транспортом, прочая, не включенная в другие группировки",52.22.19,2023.0,0.00847457627118644
"Деятельность вспомогательная, связанная морским транспортом, прочая, не включенная в другие группировки",52.22.19,2024.0,0.01694915254237288
"Деятельность вспомогательная, связанная с внутренним водным транспортом",52.22.2,2021.0,0.010752688172043012
"Деятельность вспомогательная, связанная с внутренним водным транспортом",52.22.2,2022.0,0.03125
"Деятельность вспомогательная, связанная с внутренним водным транспортом",52.22.2,2023.0,
"Деятельность вспомогательная, связанная с внутренним водным транспортом",52.22.2,2024.0,0.022222222222222223
Деятельность инфраструктуры речных портов и гидротехнических сооружений,52.22.21,2021.0,
Деятельность инфраструктуры речных портов и гидротехнических сооружений,52.22.21,2022.0,
Деятельность инфраструктуры речных портов и гидротехнических сооружений,52.22.21,2023.0,
Деятельность инфраструктуры речных портов и гидротехнических сооружений,52.22.21,2024.0,0.3333333333333333
"Обеспечение судоходства по внутренним водным путям, в том числе лоцманская проводка судов",52.22.22,2021.0,
"Обеспечение судоходства по внутренним водным путям, в том числе лоцманская проводка судов",52.22.22,2022.0,
"Обеспечение судоходства по внутренним водным путям, в том числе лоцманская проводка судов",52.22.22,2023.0,
"Обеспечение судоходства по внутренним водным путям, в том числе лоцманская проводка судов",52.22.22,2024.0,
"Деятельность по постановке судов к причалу, осуществление швартовых операций в речных портах на внутреннем водном транспорте",52.22.23,2021.0,
"Деятельность по постановке судов к причалу, осуществление швартовых операций в речных портах на внутреннем водном транспорте",52.22.23,2022.0,
"Деятельность по постановке судов к причалу, осуществление швартовых операций в речных портах на внутреннем водном транспорте",52.22.23,2023.0,
"Деятельность по постановке судов к причалу, осуществление швартовых операций в речных портах на внутреннем водном транспорте",52.22.23,2024.0,
"Снабженческое (шипчандлерское) обслуживание судов, включая бункеровку судов топливом, обслуживание судов в период стоянки в портах: агентирование судов, обследовательское (сюрвейерское) обслуживание судов на внутреннем водном транспорте",52.22.26,2021.0,
"Снабженческое (шипчандлерское) обслуживание судов, включая бункеровку судов топливом, обслуживание судов в период стоянки в портах: агентирование судов, обследовательское (сюрвейерское) обслуживание судов на внутреннем водном транспорте",52.22.26,2022.0,
"Снабженческое (шипчандлерское) обслуживание судов, включая бункеровку судов топливом, обслуживание судов в период стоянки в портах: агентирование судов, обследовательское (сюрвейерское) обслуживание судов на внутреннем водном транспорте",52.22.26,2023.0,
"Деятельность вспомогательная, связанная с внутренним водным транспортом, прочая, не включенная в другие группировки",52.22.29,2021.0,
"Деятельность вспомогательная, связанная с внутренним водным транспортом, прочая, не включенная в другие группировки",52.22.29,2022.0,0.045454545454545456
"Деятельность вспомогательная, связанная с внутренним водным транспортом, прочая, не включенная в другие группировки",52.22.29,2023.0,
"Деятельность вспомогательная, связанная с внутренним водным транспортом, прочая, не включенная в другие группировки",52.22.29,2024.0,
"Деятельность вспомогательная, связанная с воздушным и космическим транспортом",52.23,2021.0,0.03896103896103896
"Деятельность вспомогательная, связанная с воздушным и космическим транспортом",52.23,2022.0,0.047058823529411764
"Деятельность вспомогательная, связанная с воздушным и космическим транспортом",52.23,2023.0,0.03474903474903475
"Деятельность вспомогательная, связанная с воздушным и космическим транспортом",52.23,2024.0,0.04395604395604396
"Деятельность вспомогательная, связанная с воздушным транспортом",52.23.1,2021.0,0.04525862068965517
"Деятельность вспомогательная, связанная с воздушным транспортом",52.23.1,2022.0,0.049783549783549784
"Деятельность вспомогательная, связанная с воздушным транспортом",52.23.1,2023.0,0.037578288100208766
"Деятельность вспомогательная, связанная с воздушным транспортом",52.23.1,2024.0,0.047244094488188976
Деятельность аэропортовая,52.23.11,2021.0,0.06043956043956044
Деятельность аэропортовая,52.23.11,2022.0,0.06358381502890173
Деятельность аэропортовая,52.23.11,2023.0,0.0446927374301676
Деятельность аэропортовая,52.23.11,2024.0,0.08465608465608465
Обеспечение обслуживания (управления) воздушного движения,52.23.12,2021.0,
Обеспечение обслуживания (управления) воздушного движения,52.23.12,2022.0,0.0072992700729927005
Обеспечение обслуживания (управления) воздушного движения,52.23.12,2023.0,0.007352941176470588
Обеспечение обслуживания (управления) воздушного движения,52.23.12,2024.0,0.014598540145985401
Выполнение авиационных работ,52.23.13,2021.0,
Выполнение авиационных работ,52.23.13,2022.0,0.25
Выполнение авиационных работ,52.23.13,2023.0,0.2222222222222222
Выполнение авиационных работ,52.23.13,2024.0,0.06666666666666667
"Деятельность вспомогательная прочая, связанная с воздушным транспортом",52.23.19,2021.0,0.07575757575757576
"Деятельность вспомогательная прочая, связанная с воздушным транспортом",52.23.19,2022.0,0.0625
"Деятельность вспомогательная прочая, связанная с воздушным транспортом",52.23.19,2023.0,0.0457516339869281
"Деятельность вспомогательная прочая, связанная с воздушным транспортом",52.23.19,2024.0,0.030303030303030304
"Деятельность вспомогательная, связанная с космическим транспортом",52.23.2,2021.0,
"Деятельность вспомогательная, связанная с космическим транспортом",52.23.2,2022.0,
"Деятельность вспомогательная, связанная с космическим транспортом",52.23.2,2023.0,
"Деятельность вспомогательная, связанная с космическим транспортом",52.23.2,2024.0,
"Деятельность поисковых и аварийно-спасательных служб, в том числе по эвакуации спускаемых аппаратов (капсул), составных частей ракет космического назначения",52.23.22,2021.0,
"Деятельность поисковых и аварийно-спасательных служб, в том числе по эвакуации спускаемых аппаратов (капсул), составных частей ракет космического назначения",52.23.22,2022.0,
"Деятельность поисковых и аварийно-спасательных служб, в том числе по эвакуации спускаемых аппаратов (капсул), составных частей ракет космического назначения",52.23.22,2023.0,
"Деятельность поисковых и аварийно-спасательных служб, в том числе по эвакуации спускаемых аппаратов (капсул), составных частей ракет космического назначения",52.23.22,2024.0,
Транспортная обработка грузов,52.24,2021.0,0.041749502982107355
Транспортная обработка грузов,52.24,2022.0,0.10638297872340426
Транспортная обработка грузов,52.24,2023.0,0.014527845036319613
Транспортная обработка грузов,52.24,2024.0,0.03333333333333333
Транспортная обработка контейнеров,52.24.1,2021.0,0.024390243902439025
Транспортная обработка контейнеров,52.24.1,2022.0,0.02702702702702703
Транспортная обработка контейнеров,52.24.1,2023.0,0.024390243902439025
Транспортная обработка контейнеров,52.24.1,2024.0,0.07142857142857142
Транспортная обработка прочих грузов,52.24.2,2021.0,0.04784688995215311
Транспортная обработка прочих грузов,52.24.2,2022.0,0.10884353741496598
Транспортная обработка прочих грузов,52.24.2,2023.0,0.015197568389057751
Транспортная обработка прочих грузов,52.24.2,2024.0,0.02821316614420063
"Деятельность вспомогательная прочая, связанная с перевозками",52.29,2021.0,0.1350606394707828
"Деятельность вспомогательная прочая, связанная с перевозками",52.29,2022.0,0.1690977849810913
"Деятельность вспомогательная прочая, связанная с перевозками",52.29,2023.0,0.16091954022988506
"Деятельность вспомогательная прочая, связанная с перевозками",52.29,2024.0,0.15055315055315055
Деятельность почтовой связи и курьерская деятельность,53,2021.0,0.06827880512091039
Деятельность почтовой связи и курьерская деятельность,53,2022.0,0.046089385474860335
Деятельность почтовой связи и курьерская деятельность,53,2023.0,0.023255813953488372
Деятельность почтовой связи и курьерская деятельность,53,2024.0,0.017006802721088437
Деятельность почтовой связи общего пользования,53.10,2021.0,0.027210884353741496
Деятельность почтовой связи общего пользования,53.10,2022.0,0.0449438202247191
Деятельность почтовой связи общего пользования,53.10,2023.0,0.023809523809523808
Деятельность почтовой связи общего пользования,53.10,2024.0,0.019230769230769232
"Деятельность почтовой связи, связанная с пересылкой газет и других периодических изданий",53.10.1,2024.0,
"Деятельность почтовой связи, связанная с пересылкой письменной корреспонденции",53.10.2,2021.0,
"Деятельность почтовой связи, связанная с пересылкой письменной корреспонденции",53.10.2,2022.0,
"Деятельность почтовой связи, связанная с пересылкой письменной корреспонденции",53.10.2,2023.0,
"Деятельность почтовой связи, связанная с пересылкой письменной корреспонденции",53.10.2,2024.0,
"Деятельность почтовой связи, связанная с пересылкой посылочной почты",53.10.3,2021.0,0.010638297872340425
"Деятельность почтовой связи, связанная с пересылкой посылочной почты",53.10.3,2022.0,0.013513513513513514
"Деятельность почтовой связи, связанная с пересылкой посылочной почты",53.10.3,2023.0,0.013513513513513514
"Деятельность почтовой связи, связанная с пересылкой посылочной почты",53.10.3,2024.0,0.0136986301369863
Деятельность почтовой связи дополнительная,53.10.4,2021.0,
Деятельность почтовой связи дополнительная,53.10.4,2022.0,
Деятельность почтовой связи дополнительная,53.10.4,2023.0,
Деятельность почтовой связи дополнительная,53.10.4,2024.0,
Деятельность почтовой связи общего пользования прочая,53.10.9,2021.0,0.041176470588235294
Деятельность почтовой связи общего пользования прочая,53.10.9,2022.0,0.06179775280898876
Деятельность почтовой связи общего пользования прочая,53.10.9,2023.0,0.03125
Деятельность почтовой связи общего пользования прочая,53.10.9,2024.0,0.022727272727272728
Деятельность почтовой связи прочая и курьерская деятельность,53.20,2021.0,0.097799511002445
Деятельность почтовой связи прочая и курьерская деятельность,53.20,2022.0,0.0467706013363029
Деятельность почтовой связи прочая и курьерская деятельность,53.20,2023.0,0.022857142857142857
Деятельность почтовой связи прочая и курьерская деятельность,53.20,2024.0,0.015789473684210527
Деятельность специальной почтовой связи,53.20.1,2021.0,0.02654867256637168
Деятельность специальной почтовой связи,53.20.1,2022.0,0.06837606837606838
Деятельность специальной почтовой связи,53.20.1,2023.0,0.045454545454545456
Деятельность специальной почтовой связи,53.20.1,2024.0,0.033112582781456956
Деятельность фельдъегерской связи,53.20.2,2021.0,
Деятельность фельдъегерской связи,53.20.2,2022.0,0.02040816326530612
Деятельность фельдъегерской связи,53.20.2,2023.0,
Деятельность фельдъегерской связи,53.20.2,2024.0,0.018518518518518517
Деятельность федеральной фельдъегерской связи,53.20.21,2021.0,
Деятельность федеральной фельдъегерской связи,53.20.21,2022.0,
Деятельность федеральной фельдъегерской связи,53.20.21,2023.0,
Деятельность федеральной фельдъегерской связи,53.20.21,2024.0,
Деятельность фельдъегерско-почтовой связи,53.20.22,2021.0,
Деятельность фельдъегерско-почтовой связи,53.20.22,2022.0,
Деятельность фельдъегерско-почтовой связи,53.20.22,2023.0,
Деятельность фельдъегерско-почтовой связи,53.20.22,2024.0,
"Деятельность почтовой связи прочая, не включенная в другие группировки",53.20.29,2021.0,
"Деятельность почтовой связи прочая, не включенная в другие группировки",53.20.29,2022.0,
"Деятельность почтовой связи прочая, не включенная в другие группировки",53.20.29,2023.0,
"Деятельность почтовой связи прочая, не включенная в другие группировки",53.20.29,2024.0,0.027777777777777776
Деятельность курьерская,53.20.3,2021.0,0.1712962962962963
Деятельность курьерская,53.20.3,2022.0,0.04633204633204633
Деятельность курьерская,53.20.3,2023.0,0.012658227848101266
Деятельность курьерская,53.20.3,2024.0,
Деятельность по курьерской доставке различными видами транспорта,53.20.31,2021.0,0.4489795918367347
Деятельность по курьерской доставке различными видами транспорта,53.20.31,2022.0,0.028985507246376812
Деятельность по курьерской доставке различными видами транспорта,53.20.31,2023.0,
Деятельность по курьерской доставке различными видами транспорта,53.20.31,2024.0,
Деятельность по доставке еды на дом,53.20.32,2021.0,
Деятельность курьерская прочая,53.20.39,2021.0,0.008403361344537815
Деятельность курьерская прочая,53.20.39,2022.0,0.03968253968253968
Деятельность курьерская прочая,53.20.39,2023.0,0.0196078431372549
Деятельность курьерская прочая,53.20.39,2024.0,
Деятельность по предоставлению мест для временного проживания,55,2021.0,0.0265914585012087
Деятельность по предоставлению мест для временного проживания,55,2022.0,0.06930693069306931
Деятельность по предоставлению мест для временного проживания,55,2023.0,0.03927492447129909
Деятельность по предоставлению мест для временного проживания,55,2024.0,0.03088803088803089
Деятельность гостиниц и прочих мест для временного проживания,55.10,2021.0,0.030131826741996232
Деятельность гостиниц и прочих мест для временного проживания,55.10,2022.0,0.06584362139917696
Деятельность гостиниц и прочих мест для временного проживания,55.10,2023.0,0.045454545454545456
Деятельность гостиниц и прочих мест для временного проживания,55.10,2024.0,0.03041144901610018
Деятельность по предоставлению мест для краткосрочного проживания,55.20,2021.0,0.027700831024930747
Деятельность по предоставлению мест для краткосрочного проживания,55.20,2022.0,0.0743801652892562
Деятельность по предоставлению мест для краткосрочного проживания,55.20,2023.0,0.03418803418803419
Деятельность по предоставлению мест для краткосрочного проживания,55.20,2024.0,0.02631578947368421
"Деятельность по предоставлению мест для временного проживания в кемпингах, жилых автофургонах и туристических автоприцепах",55.30,2021.0,
"Деятельность по предоставлению мест для временного проживания в кемпингах, жилых автофургонах и туристических автоприцепах",55.30,2022.0,
"Деятельность по предоставлению мест для временного проживания в кемпингах, жилых автофургонах и туристических автоприцепах",55.30,2023.0,
"Деятельность по предоставлению мест для временного проживания в кемпингах, жилых автофургонах и туристических автоприцепах",55.30,2024.0,
Деятельность по предоставлению прочих мест для временного проживания,55.90,2021.0,0.020289855072463767
Деятельность по предоставлению прочих мест для временного проживания,55.90,2022.0,0.07194244604316546
Деятельность по предоставлению прочих мест для временного проживания,55.90,2023.0,0.03225806451612903
Деятельность по предоставлению прочих мест для временного проживания,55.90,2024.0,0.0371900826446281
Деятельность по предоставлению продуктов питания и напитков,56,2021.0,0.16487455197132617
Деятельность по предоставлению продуктов питания и напитков,56,2022.0,0.04276663146779303
Деятельность по предоставлению продуктов питания и напитков,56,2023.0,0.03419811320754717
Деятельность по предоставлению продуктов питания и напитков,56,2024.0,0.018150879183210438
Деятельность ресторанов и услуги по доставке продуктов питания,56.10,2021.0,0.32028836251287335
Деятельность ресторанов и услуги по доставке продуктов питания,56.10,2022.0,0.05324074074074074
Деятельность ресторанов и услуги по доставке продуктов питания,56.10,2023.0,0.0472636815920398
Деятельность ресторанов и услуги по доставке продуктов питания,56.10,2024.0,0.023094688221709007
"Деятельность ресторанов и кафе с полным ресторанным обслуживанием, кафетериев, ресторанов быстрого питания и самообслуживания",56.10.1,2021.0,0.37707006369426754
"Деятельность ресторанов и кафе с полным ресторанным обслуживанием, кафетериев, ресторанов быстрого питания и самообслуживания",56.10.1,2022.0,0.05622489959839357
"Деятельность ресторанов и кафе с полным ресторанным обслуживанием, кафетериев, ресторанов быстрого питания и самообслуживания",56.10.1,2023.0,0.050946142649199416
"Деятельность ресторанов и кафе с полным ресторанным обслуживанием, кафетериев, ресторанов быстрого питания и самообслуживания",56.10.1,2024.0,0.019858156028368795
"Деятельность по приготовлению и/или продаже пищи, готовой к непосредственному употреблению на месте, с транспортных средств или передвижных лавок",56.10.2,2021.0,
"Деятельность по приготовлению и/или продаже пищи, готовой к непосредственному употреблению на месте, с транспортных средств или передвижных лавок",56.10.2,2022.0,
"Деятельность по приготовлению и/или продаже пищи, готовой к непосредственному употреблению на месте, с транспортных средств или передвижных лавок",56.10.2,2023.0,0.07692307692307693
"Деятельность по приготовлению и/или продаже пищи, готовой к непосредственному употреблению на месте, с транспортных средств или передвижных лавок",56.10.2,2024.0,0.18181818181818182
Деятельность предприятий общественного питания с обслуживанием на вынос,56.10.21,2021.0,
Деятельность предприятий общественного питания с обслуживанием на вынос,56.10.21,2022.0,
Деятельность предприятий общественного питания с обслуживанием на вынос,56.10.21,2023.0,0.09090909090909091
Деятельность предприятий общественного питания с обслуживанием на вынос,56.10.21,2024.0,0.2222222222222222
"Деятельность передвижных продовольственных лавок по приготовлению и/или продаже пищи, готовой к употреблению",56.10.22,2021.0,
"Деятельность передвижных продовольственных лавок по приготовлению и/или продаже пищи, готовой к употреблению",56.10.22,2022.0,
"Деятельность передвижных продовольственных лавок по приготовлению и/или продаже пищи, готовой к употреблению",56.10.22,2023.0,
"Деятельность передвижных продовольственных лавок по приготовлению и/или продаже пищи, готовой к употреблению",56.10.22,2024.0,
Деятельность ресторанов и баров по обеспечению питанием в железнодорожных вагонах-ресторанах и на судах,56.10.3,2021.0,
Деятельность ресторанов и баров по обеспечению питанием в железнодорожных вагонах-ресторанах и на судах,56.10.3,2022.0,
Деятельность ресторанов и баров по обеспечению питанием в железнодорожных вагонах-ресторанах и на судах,56.10.3,2023.0,0.07692307692307693
Деятельность ресторанов и баров по обеспечению питанием в железнодорожных вагонах-ресторанах и на судах,56.10.3,2024.0,
Деятельность предприятий общественного питания по обслуживанию торжественных мероприятий и прочим видам организации питания,56.2,2021.0,0.011293634496919919
Деятельность предприятий общественного питания по обслуживанию торжественных мероприятий и прочим видам организации питания,56.2,2022.0,0.0341796875
Деятельность предприятий общественного питания по обслуживанию торжественных мероприятий и прочим видам организации питания,56.2,2023.0,0.021468926553672316
Деятельность предприятий общественного питания по обслуживанию торжественных мероприятий и прочим видам организации питания,56.2,2024.0,0.013468013468013467
Деятельность предприятий общественного питания по обслуживанию торжественных мероприятий,56.21,2021.0,
Деятельность предприятий общественного питания по обслуживанию торжественных мероприятий,56.21,2022.0,
Деятельность предприятий общественного питания по обслуживанию торжественных мероприятий,56.21,2023.0,
Деятельность предприятий общественного питания по обслуживанию торжественных мероприятий,56.21,2024.0,0.25
Деятельность предприятий общественного питания по прочим видам организации питания,56.29,2021.0,0.01132852729145211
Деятельность предприятий общественного питания по прочим видам организации питания,56.29,2022.0,0.034280117531831536
Деятельность предприятий общественного питания по прочим видам организации питания,56.29,2023.0,0.021566401816118047
Деятельность предприятий общественного питания по прочим видам организации питания,56.29,2024.0,0.012401352874859075
"Деятельность организаций общественного питания, поставляющих готовую пищу (для транспортных и строительных компаний, туристическим группам, личному составу вооруженных сил, предприятиям розничной торговли и другим группам потребителей) по договору",56.29.1,2021.0,0.011904761904761904
"Деятельность организаций общественного питания, поставляющих готовую пищу (для транспортных и строительных компаний, туристическим группам, личному составу вооруженных сил, предприятиям розничной торговли и другим группам потребителей) по договору",56.29.1,2022.0,0.028720626631853787
"Деятельность организаций общественного питания, поставляющих готовую пищу (для транспортных и строительных компаний, туристическим группам, личному составу вооруженных сил, предприятиям розничной торговли и другим группам потребителей) по договору",56.29.1,2023.0,0.05220883534136546
"Деятельность организаций общественного питания, поставляющих готовую пищу (для транспортных и строительных компаний, туристическим группам, личному составу вооруженных сил, предприятиям розничной торговли и другим группам потребителей) по договору",56.29.1,2024.0,0.011695906432748537
Деятельность столовых и буфетов при предприятиях и учреждениях,56.29.2,2021.0,0.01050420168067227
Деятельность столовых и буфетов при предприятиях и учреждениях,56.29.2,2022.0,0.0375
Деятельность столовых и буфетов при предприятиях и учреждениях,56.29.2,2023.0,0.010141987829614604
Деятельность столовых и буфетов при предприятиях и учреждениях,56.29.2,2024.0,0.014545454545454545
"Деятельность по доставке продуктов питания учебным, спортивным и прочим учреждениям (по льготным ценам)",56.29.3,2021.0,
"Деятельность по доставке продуктов питания учебным, спортивным и прочим учреждениям (по льготным ценам)",56.29.3,2022.0,0.0625
"Деятельность по доставке продуктов питания учебным, спортивным и прочим учреждениям (по льготным ценам)",56.29.3,2023.0,
"Деятельность по доставке продуктов питания учебным, спортивным и прочим учреждениям (по льготным ценам)",56.29.3,2024.0,
"Деятельность социальных столовых, буфетов или кафетериев (в офисах, больницах, школах, институтах и пр.) на основе льготных цен на питание",56.29.4,2021.0,
"Деятельность социальных столовых, буфетов или кафетериев (в офисах, больницах, школах, институтах и пр.) на основе льготных цен на питание",56.29.4,2022.0,0.03773584905660377
"Деятельность социальных столовых, буфетов или кафетериев (в офисах, больницах, школах, институтах и пр.) на основе льготных цен на питание",56.29.4,2023.0,0.022222222222222223
"Деятельность социальных столовых, буфетов или кафетериев (в офисах, больницах, школах, институтах и пр.) на основе льготных цен на питание",56.29.4,2024.0,
Подача напитков,56.30,2021.0,
Подача напитков,56.30,2022.0,
Подача напитков,56.30,2023.0,0.14285714285714285
Подача напитков,56.30,2024.0,
Деятельность издательская,58,2021.0,0.027126436781609194
Деятельность издательская,58,2022.0,0.050118203309692674
Деятельность издательская,58,2023.0,0.03505447655139744
Деятельность издательская,58,2024.0,0.04096385542168675
"Издание книг, периодических публикаций и другие виды издательской деятельности",58.1,2021.0,0.02543940795559667
"Издание книг, периодических публикаций и другие виды издательской деятельности",58.1,2022.0,0.049429657794676805
"Издание книг, периодических публикаций и другие виды издательской деятельности",58.1,2023.0,0.03390639923591213
"Издание книг, периодических публикаций и другие виды издательской деятельности",58.1,2024.0,0.038910505836575876
Издание книг,58.11,2021.0,0.03783783783783784
Издание книг,58.11,2022.0,0.0641025641025641
Издание книг,58.11,2023.0,0.05732484076433121
Издание книг,58.11,2024.0,0.057803468208092484
"Издание книг, брошюр, рекламных буклетов и аналогичных изданий, включая издание словарей и энциклопедий, в том числе для слепых, в печатном виде",58.11.1,2021.0,0.04081632653061224
"Издание книг, брошюр, рекламных буклетов и аналогичных изданий, включая издание словарей и энциклопедий, в том числе для слепых, в печатном виде",58.11.1,2022.0,0.0594059405940594
"Издание книг, брошюр, рекламных буклетов и аналогичных изданий, включая издание словарей и энциклопедий, в том числе для слепых, в печатном виде",58.11.1,2023.0,0.038834951456310676
"Издание книг, брошюр, рекламных буклетов и аналогичных изданий, включая издание словарей и энциклопедий, в том числе для слепых, в печатном виде",58.11.1,2024.0,0.07865168539325842
"Издание книг, брошюр, рекламных буклетов и аналогичных изданий, включая издание словарей и энциклопедий на электронных носителях",58.11.2,2021.0,
"Издание книг, брошюр, рекламных буклетов и аналогичных изданий, включая издание словарей и энциклопедий на электронных носителях",58.11.2,2022.0,
"Издание книг, брошюр, рекламных буклетов и аналогичных изданий, включая издание словарей и энциклопедий на электронных носителях",58.11.2,2023.0,
"Издание книг, брошюр, рекламных буклетов и аналогичных изданий, включая издание словарей и энциклопедий на электронных носителях",58.11.2,2024.0,
Издание адресных справочников и списков адресатов,58.12,2021.0,
Издание адресных справочников и списков адресатов,58.12,2022.0,
Издание адресных справочников и списков адресатов,58.12,2023.0,
Издание адресных справочников и списков адресатов,58.12,2024.0,
Издание справочников в печатном виде,58.12.1,2022.0,
Издание справочников в печатном виде,58.12.1,2023.0,
Издание справочников в печатном виде,58.12.1,2024.0,
Издание газет,58.13,2021.0,0.025536854323853744
Издание газет,58.13,2022.0,0.05043988269794721
Издание газет,58.13,2023.0,0.03086053412462908
Издание газет,58.13,2024.0,0.03490508266993264
Издание газет в печатном виде,58.13.1,2021.0,0.027220630372492838
Издание газет в печатном виде,58.13.1,2022.0,0.04246575342465753
Издание газет в печатном виде,58.13.1,2023.0,0.03021978021978022
Издание газет в печатном виде,58.13.1,2024.0,0.03046594982078853
Издание газет на электронных носителях,58.13.2,2021.0,
Издание газет на электронных носителях,58.13.2,2022.0,
Издание газет на электронных носителях,58.13.2,2023.0,
Издание газет на электронных носителях,58.13.2,2024.0,
Издание журналов и периодических изданий,58.14,2021.0,0.023809523809523808
Издание журналов и периодических изданий,58.14,2022.0,0.03550295857988166
Издание журналов и периодических изданий,58.14,2023.0,0.05056179775280899
Издание журналов и периодических изданий,58.14,2024.0,0.0670391061452514
Издание журналов и периодических публикаций в печатном виде,58.14.1,2021.0,0.021505376344086023
Издание журналов и периодических публикаций в печатном виде,58.14.1,2022.0,0.028846153846153848
Издание журналов и периодических публикаций в печатном виде,58.14.1,2023.0,0.02727272727272727
Издание журналов и периодических публикаций в печатном виде,58.14.1,2024.0,0.02857142857142857
Издание журналов и периодических публикаций на электронных носителях,58.14.2,2021.0,0.2
Издание журналов и периодических публикаций на электронных носителях,58.14.2,2022.0,
Издание журналов и периодических публикаций на электронных носителях,58.14.2,2023.0,0.4444444444444444
Издание журналов и периодических публикаций на электронных носителях,58.14.2,2024.0,0.625
Виды издательской деятельности прочие,58.19,2021.0,
Виды издательской деятельности прочие,58.19,2022.0,0.027777777777777776
Виды издательской деятельности прочие,58.19,2023.0,0.013888888888888888
Виды издательской деятельности прочие,58.19,2024.0,0.014492753623188406
Издание программного обеспечения,58.2,2021.0,0.3076923076923077
Издание программного обеспечения,58.2,2022.0,0.18181818181818182
Издание программного обеспечения,58.2,2023.0,0.17647058823529413
Издание программного обеспечения,58.2,2024.0,0.2631578947368421
Издание компьютерных игр,58.21,2021.0,
Издание компьютерных игр,58.21,2022.0,
Издание компьютерных игр,58.21,2023.0,0.5
Издание компьютерных игр,58.21,2024.0,0.5
Издание прочих программных продуктов,58.29,2021.0,0.4
Издание прочих программных продуктов,58.29,2022.0,0.2
Издание прочих программных продуктов,58.29,2023.0,0.13333333333333333
Издание прочих программных продуктов,58.29,2024.0,0.23529411764705882
"Производство кинофильмов, видеофильмов и телевизионных программ, издание звукозаписей и нот",59,2021.0,0.033542976939203356
"Производство кинофильмов, видеофильмов и телевизионных программ, издание звукозаписей и нот",59,2022.0,0.05555555555555555
"Производство кинофильмов, видеофильмов и телевизионных программ, издание звукозаписей и нот",59,2023.0,0.023178807947019868
"Производство кинофильмов, видеофильмов и телевизионных программ, издание звукозаписей и нот",59,2024.0,0.025039123630672927
"Производство кинофильмов, видеофильмов и телевизионных программ",59.1,2021.0,0.034334763948497854
"Производство кинофильмов, видеофильмов и телевизионных программ",59.1,2022.0,0.0574468085106383
"Производство кинофильмов, видеофильмов и телевизионных программ",59.1,2023.0,0.023931623931623933
"Производство кинофильмов, видеофильмов и телевизионных программ",59.1,2024.0,0.022617124394184167
"Производство кинофильмов, видеофильмов и телевизионных программ",59.11,2021.0,0.10743801652892562
"Производство кинофильмов, видеофильмов и телевизионных программ",59.11,2022.0,0.06569343065693431
"Производство кинофильмов, видеофильмов и телевизионных программ",59.11,2023.0,0.00851063829787234
"Производство кинофильмов, видеофильмов и телевизионных программ",59.11,2024.0,0.0149812734082397
Производство анимационных фильмов,59.11.1,2023.0,
Производство анимационных фильмов,59.11.1,2024.0,
"Производство прочих кинофильмов, видеофильмов и телевизионных программ",59.11.9,2022.0,
"Производство прочих кинофильмов, видеофильмов и телевизионных программ",59.11.9,2023.0,0.021739130434782608
"Производство прочих кинофильмов, видеофильмов и телевизионных программ",59.11.9,2024.0,0.008928571428571428
"Деятельность монтажно-компоновочная в области производства кинофильмов, видеофильмов и телевизионных программ",59.12,2021.0,
"Деятельность монтажно-компоновочная в области производства кинофильмов, видеофильмов и телевизионных программ",59.12,2022.0,
"Деятельность монтажно-компоновочная в области производства кинофильмов, видеофильмов и телевизионных программ",59.12,2023.0,
"Деятельность монтажно-компоновочная в области производства кинофильмов, видеофильмов и телевизионных программ",59.12,2024.0,0.5
"Деятельность по распространению кинофильмов, видеофильмов и телевизионных программ",59.13,2021.0,
"Деятельность по распространению кинофильмов, видеофильмов и телевизионных программ",59.13,2022.0,0.043478260869565216
"Деятельность по распространению кинофильмов, видеофильмов и телевизионных программ",59.13,2023.0,0.07692307692307693
"Деятельность по распространению кинофильмов, видеофильмов и телевизионных программ",59.13,2024.0,0.03225806451612903
Деятельность в области демонстрации кинофильмов,59.14,2021.0,0.010169491525423728
Деятельность в области демонстрации кинофильмов,59.14,2022.0,0.055944055944055944
Деятельность в области демонстрации кинофильмов,59.14,2023.0,0.02702702702702703
Деятельность в области демонстрации кинофильмов,59.14,2024.0,0.024305555555555556
Деятельность в области звукозаписи и издания музыкальных произведений,59.20,2021.0,
Деятельность в области звукозаписи и издания музыкальных произведений,59.20,2022.0,
Деятельность в области звукозаписи и издания музыкальных произведений,59.20,2023.0,
Деятельность в области звукозаписи и издания музыкальных произведений,59.20,2024.0,0.1
"Издание аудиовизуальных произведений на магнитных, электронных и цифровых носителях",59.20.1,2021.0,
"Издание аудиовизуальных произведений на магнитных, электронных и цифровых носителях",59.20.1,2022.0,
"Издание аудиовизуальных произведений на магнитных, электронных и цифровых носителях",59.20.1,2023.0,
"Издание аудиовизуальных произведений на магнитных, электронных и цифровых носителях",59.20.1,2024.0,0.16666666666666666
Деятельность студий звукозаписи,59.20.2,2021.0,
Деятельность студий звукозаписи,59.20.2,2022.0,
Деятельность студий звукозаписи,59.20.2,2023.0,
Деятельность студий звукозаписи,59.20.2,2024.0,
Деятельность в области телевизионного и радиовещания,60,2021.0,0.029141104294478526
Деятельность в области телевизионного и радиовещания,60,2022.0,0.0628099173553719
Деятельность в области телевизионного и радиовещания,60,2023.0,0.047377326565143825
Деятельность в области телевизионного и радиовещания,60,2024.0,0.0763239875389408
Деятельность в области радиовещания,60.10,2021.0,0.021739130434782608
Деятельность в области радиовещания,60.10,2022.0,0.06944444444444445
Деятельность в области радиовещания,60.10,2023.0,0.027972027972027972
Деятельность в области радиовещания,60.10,2024.0,0.03260869565217391
Деятельность в области телевизионного вещания,60.20,2021.0,0.03205128205128205
Деятельность в области телевизионного вещания,60.20,2022.0,0.06073752711496746
Деятельность в области телевизионного вещания,60.20,2023.0,0.05357142857142857
Деятельность в области телевизионного вещания,60.20,2024.0,0.09388646288209607
Деятельность в сфере телекоммуникаций,61,2021.0,0.233983286908078
Деятельность в сфере телекоммуникаций,61,2022.0,0.2456575682382134
Деятельность в сфере телекоммуникаций,61,2023.0,0.2663013698630137
Деятельность в сфере телекоммуникаций,61,2024.0,0.25314285714285717
Деятельность в области связи на базе проводных технологий,61.10,2021.0,0.14698492462311558
Деятельность в области связи на базе проводных технологий,61.10,2022.0,0.15956727518593644
Деятельность в области связи на базе проводных технологий,61.10,2023.0,0.1554054054054054
Деятельность в области связи на базе проводных технологий,61.10,2024.0,0.13708399366085577
Деятельность по предоставлению услуг телефонной связи,61.10.1,2021.0,0.07933579335793357
Деятельность по предоставлению услуг телефонной связи,61.10.1,2022.0,0.11627906976744186
Деятельность по предоставлению услуг телефонной связи,61.10.1,2023.0,0.24
Деятельность по предоставлению услуг телефонной связи,61.10.1,2024.0,0.13548387096774195
Деятельность по предоставлению услуг по передаче данных для целей передачи голосовой информации (IР-телефония),61.10.2,2021.0,
Деятельность по предоставлению услуг по передаче данных для целей передачи голосовой информации (IР-телефония),61.10.2,2022.0,0.4
Деятельность по предоставлению услуг по передаче данных для целей передачи голосовой информации (IР-телефония),61.10.2,2023.0,0.14285714285714285
Деятельность по предоставлению услуг по передаче данных для целей передачи голосовой информации (IР-телефония),61.10.2,2024.0,
Деятельность по предоставлению услуг по передаче данных и услуг доступа к информационно-коммуникационной сети Интернет,61.10.3,2021.0,0.4976958525345622
Деятельность по предоставлению услуг по передаче данных и услуг доступа к информационно-коммуникационной сети Интернет,61.10.3,2022.0,0.45132743362831856
Деятельность по предоставлению услуг по передаче данных и услуг доступа к информационно-коммуникационной сети Интернет,61.10.3,2023.0,0.4066390041493776
Деятельность по предоставлению услуг по передаче данных и услуг доступа к информационно-коммуникационной сети Интернет,61.10.3,2024.0,0.3137254901960784
Деятельность в области документальной электросвязи,61.10.4,2021.0,0.0847457627118644
Деятельность в области документальной электросвязи,61.10.4,2022.0,0.15151515151515152
Деятельность в области документальной электросвязи,61.10.4,2023.0,0.08823529411764706
Деятельность в области документальной электросвязи,61.10.4,2024.0,0.07692307692307693
Деятельность по трансляции телерадиоканалов по сетям кабельного телерадиовещания,61.10.5,2021.0,
Деятельность по трансляции телерадиоканалов по сетям кабельного телерадиовещания,61.10.5,2022.0,0.06666666666666667
Деятельность по трансляции телерадиоканалов по сетям кабельного телерадиовещания,61.10.5,2023.0,
Деятельность по трансляции телерадиоканалов по сетям кабельного телерадиовещания,61.10.5,2024.0,
Деятельность операторов связи по присоединению и пропуску трафика,61.10.6,2021.0,
Деятельность операторов связи по присоединению и пропуску трафика,61.10.6,2022.0,0.16666666666666666
Деятельность операторов связи по присоединению и пропуску трафика,61.10.6,2023.0,0.3333333333333333
Деятельность операторов связи по присоединению и пропуску трафика,61.10.6,2024.0,0.3333333333333333
Деятельность в области связи на базе проводных технологий прочая,61.10.9,2021.0,0.10526315789473684
Деятельность в области связи на базе проводных технологий прочая,61.10.9,2022.0,0.09025787965616046
Деятельность в области связи на базе проводных технологий прочая,61.10.9,2023.0,0.02773246329526917
Деятельность в области связи на базе проводных технологий прочая,61.10.9,2024.0,0.04036697247706422
Деятельность в области связи на базе беспроводных технологий,61.20,2021.0,0.5826086956521739
Деятельность в области связи на базе беспроводных технологий,61.20,2022.0,0.5778781038374717
Деятельность в области связи на базе беспроводных технологий,61.20,2023.0,0.6261261261261262
Деятельность в области связи на базе беспроводных технологий,61.20,2024.0,0.5968819599109132
Деятельность по предоставлению услуг подвижной связи для целей передачи голоса,61.20.1,2021.0,0.9053030303030303
Деятельность по предоставлению услуг подвижной связи для целей передачи голоса,61.20.1,2022.0,0.9673469387755103
Деятельность по предоставлению услуг подвижной связи для целей передачи голоса,61.20.1,2023.0,0.9838056680161943
Деятельность по предоставлению услуг подвижной связи для целей передачи голоса,61.20.1,2024.0,0.9725490196078431
Деятельность по предоставлению услуг подвижной связи для целей передачи данных,61.20.2,2021.0,0.16
Деятельность по предоставлению услуг подвижной связи для целей передачи данных,61.20.2,2022.0,0.22727272727272727
Деятельность по предоставлению услуг подвижной связи для целей передачи данных,61.20.2,2023.0,0.3333333333333333
Деятельность по предоставлению услуг подвижной связи для целей передачи данных,61.20.2,2024.0,0.13793103448275862
Деятельность по предоставлению услуг подвижной связи для доступа к информационно-коммуникационной сети Интернет,61.20.3,2021.0,0.36538461538461536
Деятельность по предоставлению услуг подвижной связи для доступа к информационно-коммуникационной сети Интернет,61.20.3,2022.0,0.15625
Деятельность по предоставлению услуг подвижной связи для доступа к информационно-коммуникационной сети Интернет,61.20.3,2023.0,0.35384615384615387
Деятельность по предоставлению услуг подвижной связи для доступа к информационно-коммуникационной сети Интернет,61.20.3,2024.0,0.19298245614035087
Деятельность по предоставлению услуг связи для целей открытого эфирного вещания,61.20.4,2021.0,
Деятельность по предоставлению услуг связи для целей открытого эфирного вещания,61.20.4,2022.0,
Деятельность по предоставлению услуг связи для целей открытого эфирного вещания,61.20.4,2023.0,
Деятельность по предоставлению услуг связи для целей открытого эфирного вещания,61.20.4,2024.0,
Деятельность по предоставлению услуг цифрового телерадиовещания на базе беспроводных технологий,61.20.5,2021.0,0.0379746835443038
Деятельность по предоставлению услуг цифрового телерадиовещания на базе беспроводных технологий,61.20.5,2022.0,0.030303030303030304
Деятельность по предоставлению услуг цифрового телерадиовещания на базе беспроводных технологий,61.20.5,2023.0,0.04040404040404041
Деятельность по предоставлению услуг цифрового телерадиовещания на базе беспроводных технологий,61.20.5,2024.0,0.05319148936170213
Деятельность в области спутниковой связи,61.30,2021.0,0.011627906976744186
Деятельность в области спутниковой связи,61.30,2022.0,0.013513513513513514
Деятельность в области спутниковой связи,61.30,2023.0,
Деятельность в области спутниковой связи,61.30,2024.0,0.05
Деятельность по предоставлению услуг доступа к информационно-коммуникационной сети Интернет оператором спутниковой связи,61.30.1,2021.0,
Деятельность по предоставлению услуг доступа к информационно-коммуникационной сети Интернет оператором спутниковой связи,61.30.1,2022.0,0.06666666666666667
Деятельность по предоставлению услуг доступа к информационно-коммуникационной сети Интернет оператором спутниковой связи,61.30.1,2023.0,
Деятельность по предоставлению услуг доступа к информационно-коммуникационной сети Интернет оператором спутниковой связи,61.30.1,2024.0,0.058823529411764705
Деятельность по предоставлению услуг трансляции телерадиоканалов по сетям спутникового телерадиовещания,61.30.2,2021.0,0.5
Деятельность по предоставлению услуг трансляции телерадиоканалов по сетям спутникового телерадиовещания,61.30.2,2022.0,
Деятельность по предоставлению услуг трансляции телерадиоканалов по сетям спутникового телерадиовещания,61.30.2,2023.0,
Деятельность по предоставлению услуг трансляции телерадиоканалов по сетям спутникового телерадиовещания,61.30.2,2024.0,
Деятельность в области телекоммуникаций прочая,61.90,2021.0,0.0625
Деятельность в области телекоммуникаций прочая,61.90,2022.0,0.10526315789473684
Деятельность в области телекоммуникаций прочая,61.90,2023.0,0.0625
Деятельность в области телекоммуникаций прочая,61.90,2024.0,0.05263157894736842
"Разработка компьютерного программного обеспечения, консультационные услуги в данной области и другие сопутствующие услуги",62.0,2021.0,0.10989365130518852
"Разработка компьютерного программного обеспечения, консультационные услуги в данной области и другие сопутствующие услуги",62.0,2022.0,0.1030557219892151
"Разработка компьютерного программного обеспечения, консультационные услуги в данной области и другие сопутствующие услуги",62.0,2023.0,0.07529305680793508
"Разработка компьютерного программного обеспечения, консультационные услуги в данной области и другие сопутствующие услуги",62.0,2024.0,0.10068159688412853
Разработка компьютерного программного обеспечения,62.01,2021.0,0.10222868217054264
Разработка компьютерного программного обеспечения,62.01,2022.0,0.10648346930012881
Разработка компьютерного программного обеспечения,62.01,2023.0,0.07789473684210527
Разработка компьютерного программного обеспечения,62.01,2024.0,0.10962084085633221
Деятельность консультативная и работы в области компьютерных технологий,62.02,2021.0,0.1721698113207547
Деятельность консультативная и работы в области компьютерных технологий,62.02,2022.0,0.08888888888888889
Деятельность консультативная и работы в области компьютерных технологий,62.02,2023.0,0.06500956022944551
Деятельность консультативная и работы в области компьютерных технологий,62.02,2024.0,0.06086956521739131
"Деятельность по планированию, проектированию компьютерных систем",62.02.1,2021.0,0.08
"Деятельность по планированию, проектированию компьютерных систем",62.02.1,2022.0,0.04
"Деятельность по планированию, проектированию компьютерных систем",62.02.1,2023.0,0.06818181818181818
"Деятельность по планированию, проектированию компьютерных систем",62.02.1,2024.0,0.04878048780487805
Деятельность по обследованию и экспертизе компьютерных систем,62.02.2,2021.0,
Деятельность по обследованию и экспертизе компьютерных систем,62.02.2,2022.0,
Деятельность по обследованию и экспертизе компьютерных систем,62.02.2,2023.0,0.125
Деятельность по обследованию и экспертизе компьютерных систем,62.02.2,2024.0,0.04
Деятельность по обучению пользователей,62.02.3,2021.0,
Деятельность по обучению пользователей,62.02.3,2022.0,
Деятельность по обучению пользователей,62.02.3,2023.0,
Деятельность по обучению пользователей,62.02.3,2024.0,
Деятельность по подготовке компьютерных систем к эксплуатации,62.02.4,2021.0,0.5
Деятельность по подготовке компьютерных систем к эксплуатации,62.02.4,2022.0,0.5
Деятельность по подготовке компьютерных систем к эксплуатации,62.02.4,2023.0,
Деятельность по подготовке компьютерных систем к эксплуатации,62.02.4,2024.0,0.13333333333333333
Деятельность консультативная в области компьютерных технологий прочая,62.02.9,2021.0,0.21011673151750973
Деятельность консультативная в области компьютерных технологий прочая,62.02.9,2022.0,0.06048387096774194
Деятельность консультативная в области компьютерных технологий прочая,62.02.9,2023.0,0.05454545454545454
Деятельность консультативная в области компьютерных технологий прочая,62.02.9,2024.0,0.03560830860534125
Деятельность по управлению компьютерным оборудованием,62.03,2021.0,0.19047619047619047
Деятельность по управлению компьютерным оборудованием,62.03,2022.0,0.28
Деятельность по управлению компьютерным оборудованием,62.03,2023.0,0.2
Деятельность по управлению компьютерным оборудованием,62.03,2024.0,0.13953488372093023
Деятельность по управлению компьютерными системами,62.03.1,2021.0,0.09090909090909091
Деятельность по управлению компьютерными системами,62.03.1,2022.0,0.35714285714285715
Деятельность по управлению компьютерными системами,62.03.1,2023.0,0.2222222222222222
Деятельность по управлению компьютерными системами,62.03.1,2024.0,0.15254237288135594
Деятельность по управлению компьютерными системами непосредственно,62.03.11,2021.0,
Деятельность по управлению компьютерными системами непосредственно,62.03.11,2022.0,
Деятельность по управлению компьютерными системами непосредственно,62.03.11,2023.0,0.5
Деятельность по управлению компьютерными системами непосредственно,62.03.11,2024.0,
Деятельность по управлению компьютерными системами дистанционно,62.03.12,2021.0,0.5
Деятельность по управлению компьютерными системами дистанционно,62.03.12,2022.0,1.0
Деятельность по управлению компьютерными системами дистанционно,62.03.12,2023.0,
Деятельность по управлению компьютерными системами дистанционно,62.03.12,2024.0,
Деятельность по сопровождению компьютерных систем,62.03.13,2021.0,
Деятельность по сопровождению компьютерных систем,62.03.13,2022.0,0.2857142857142857
Деятельность по сопровождению компьютерных систем,62.03.13,2023.0,0.3333333333333333
Деятельность по сопровождению компьютерных систем,62.03.13,2024.0,0.25
"Деятельность по управлению компьютерным оборудованием прочая, не включенная в другие группировки",62.03.19,2021.0,
"Деятельность по управлению компьютерным оборудованием прочая, не включенная в другие группировки",62.03.19,2022.0,0.4
"Деятельность по управлению компьютерным оборудованием прочая, не включенная в другие группировки",62.03.19,2023.0,
"Деятельность по управлению компьютерным оборудованием прочая, не включенная в другие группировки",62.03.19,2024.0,0.1111111111111111
"Деятельность, связанная с использованием вычислительной техники и информационных технологий, прочая",62.09,2021.0,0.08922558922558922
"Деятельность, связанная с использованием вычислительной техники и информационных технологий, прочая",62.09,2022.0,0.09153713298791019
"Деятельность, связанная с использованием вычислительной техники и информационных технологий, прочая",62.09,2023.0,0.06148282097649186
"Деятельность, связанная с использованием вычислительной техники и информационных технологий, прочая",62.09,2024.0,0.07537688442211055
Деятельность в области информационных технологий,63,2021.0,0.13193885760257443
Деятельность в области информационных технологий,63,2022.0,0.1281947261663286
Деятельность в области информационных технологий,63,2023.0,0.1002628614344724
Деятельность в области информационных технологий,63,2024.0,0.10076743410076744
"Деятельность по обработке данных, предоставление услуг по размещению информации, деятельность порталов в информационно-коммуникационной сети Интернет",63.1,2021.0,0.10870610870610871
"Деятельность по обработке данных, предоставление услуг по размещению информации, деятельность порталов в информационно-коммуникационной сети Интернет",63.1,2022.0,0.09936368086147822
"Деятельность по обработке данных, предоставление услуг по размещению информации, деятельность порталов в информационно-коммуникационной сети Интернет",63.1,2023.0,0.07306791569086651
"Деятельность по обработке данных, предоставление услуг по размещению информации, деятельность порталов в информационно-коммуникационной сети Интернет",63.1,2024.0,0.0800660338423442
"Деятельность по обработке данных, предоставление услуг по размещению информации и связанная с этим деятельность",63.11,2021.0,0.10899315738025415
"Деятельность по обработке данных, предоставление услуг по размещению информации и связанная с этим деятельность",63.11,2022.0,0.10019940179461616
"Деятельность по обработке данных, предоставление услуг по размещению информации и связанная с этим деятельность",63.11,2023.0,0.07310081223124701
"Деятельность по обработке данных, предоставление услуг по размещению информации и связанная с этим деятельность",63.11,2024.0,0.07863751051303616
Деятельность по созданию и использованию баз данных и информационных ресурсов,63.11.1,2021.0,0.10027598896044158
Деятельность по созданию и использованию баз данных и информационных ресурсов,63.11.1,2022.0,0.13214285714285715
Деятельность по созданию и использованию баз данных и информационных ресурсов,63.11.1,2023.0,0.08297690333618478
Деятельность по созданию и использованию баз данных и информационных ресурсов,63.11.1,2024.0,0.08575478384124734
Деятельность по предоставлению услуг по размещению информации прочая,63.11.9,2021.0,0.5657894736842105
Деятельность по предоставлению услуг по размещению информации прочая,63.11.9,2022.0,0.056818181818181816
Деятельность по предоставлению услуг по размещению информации прочая,63.11.9,2023.0,0.04854368932038835
Деятельность по предоставлению услуг по размещению информации прочая,63.11.9,2024.0,0.02654867256637168
Деятельность web-порталов,63.12,2021.0,0.09090909090909091
Деятельность web-порталов,63.12,2022.0,0.05405405405405406
Деятельность web-порталов,63.12,2023.0,0.07142857142857142
Деятельность web-порталов,63.12,2024.0,0.15555555555555556
Деятельность сетевых изданий,63.12.1,2021.0,0.05555555555555555
Деятельность сетевых изданий,63.12.1,2022.0,0.045454545454545456
Деятельность сетевых изданий,63.12.1,2023.0,0.07692307692307693
Деятельность сетевых изданий,63.12.1,2024.0,0.12
Деятельность в области информационных услуг прочая,63.9,2021.0,0.25061425061425063
Деятельность в области информационных услуг прочая,63.9,2022.0,0.2677725118483412
Деятельность в области информационных услуг прочая,63.9,2023.0,0.21022727272727273
Деятельность в области информационных услуг прочая,63.9,2024.0,0.18815331010452963
Деятельность информационных агентств,63.91,2021.0,0.032432432432432434
Деятельность информационных агентств,63.91,2022.0,0.08
Деятельность информационных агентств,63.91,2023.0,0.08235294117647059
Деятельность информационных агентств,63.91,2024.0,0.06077348066298342
"Деятельность информационных служб прочая, не включенная в другие группировки",63.99,2021.0,0.43243243243243246
"Деятельность информационных служб прочая, не включенная в другие группировки",63.99,2022.0,0.4008097165991903
"Деятельность информационных служб прочая, не включенная в другие группировки",63.99,2023.0,0.2709497206703911
"Деятельность информационных служб прочая, не включенная в другие группировки",63.99,2024.0,0.24681933842239187
Деятельность по оказанию консультационных и информационных услуг,63.99.1,2021.0,0.4485981308411215
Деятельность по оказанию консультационных и информационных услуг,63.99.1,2022.0,0.41702127659574467
Деятельность по оказанию консультационных и информационных услуг,63.99.1,2023.0,0.27988338192419826
Деятельность по оказанию консультационных и информационных услуг,63.99.1,2024.0,0.2579787234042553
Деятельность по оказанию компьютерных информационных услуг телефонной связи,63.99.11,2021.0,0.06666666666666667
Деятельность по оказанию компьютерных информационных услуг телефонной связи,63.99.11,2022.0,0.8173076923076923
Деятельность по оказанию компьютерных информационных услуг телефонной связи,63.99.11,2023.0,0.7631578947368421
Деятельность по оказанию компьютерных информационных услуг телефонной связи,63.99.11,2024.0,0.676923076923077
Деятельность по оказанию услуг службами информационного поиска по договору или на платной основе,63.99.12,2021.0,0.0625
Деятельность по оказанию услуг службами информационного поиска по договору или на платной основе,63.99.12,2022.0,0.1111111111111111
Деятельность по оказанию услуг службами информационного поиска по договору или на платной основе,63.99.12,2023.0,0.03333333333333333
Деятельность по оказанию услуг службами информационного поиска по договору или на платной основе,63.99.12,2024.0,
"Деятельность по оказанию услуг по составлению обзоров новостей, услуг по подборке печатных изданий и подобной информации",63.99.2,2021.0,
"Деятельность по оказанию услуг по составлению обзоров новостей, услуг по подборке печатных изданий и подобной информации",63.99.2,2022.0,
"Деятельность по оказанию услуг по составлению обзоров новостей, услуг по подборке печатных изданий и подобной информации",63.99.2,2023.0,
"Деятельность по оказанию услуг по составлению обзоров новостей, услуг по подборке печатных изданий и подобной информации",63.99.2,2024.0,
"Деятельность по предоставлению финансовых услуг, кроме услуг по страхованию и пенсионному обеспечению",64,2021.0,0.19505892081868928
"Деятельность по предоставлению финансовых услуг, кроме услуг по страхованию и пенсионному обеспечению",64,2022.0,0.09657519676664539
"Деятельность по предоставлению финансовых услуг, кроме услуг по страхованию и пенсионному обеспечению",64,2023.0,0.09352366957069382
"Деятельность по предоставлению финансовых услуг, кроме услуг по страхованию и пенсионному обеспечению",64,2024.0,0.08061132753970632
Денежное посредничество,64.1,2021.0,0.18081259306530525
Денежное посредничество,64.1,2022.0,0.1657718120805369
Денежное посредничество,64.1,2023.0,0.17238878143133463
Денежное посредничество,64.1,2024.0,0.14195979899497488
Деятельность Центрального банка Российской Федерации (Банка России),64.11,2021.0,0.027472527472527472
Деятельность Центрального банка Российской Федерации (Банка России),64.11,2022.0,0.052884615384615384
Деятельность Центрального банка Российской Федерации (Банка России),64.11,2023.0,0.07734806629834254
Деятельность Центрального банка Российской Федерации (Банка России),64.11,2024.0,0.07216494845360824
Денежное посредничество прочее,64.19,2021.0,0.18698827174153573
Денежное посредничество прочее,64.19,2022.0,0.1712810886907555
Денежное посредничество прочее,64.19,2023.0,0.17673830594184575
Денежное посредничество прочее,64.19,2024.0,0.1455361859482303
Деятельность холдинговых компаний,64.20,2021.0,0.08287292817679558
Деятельность холдинговых компаний,64.20,2022.0,0.09777777777777778
Деятельность холдинговых компаний,64.20,2023.0,0.04941860465116279
Деятельность холдинговых компаний,64.20,2024.0,0.032758620689655175
Деятельность инвестиционных фондов и аналогичных финансовых организаций,64.30,2021.0,
Деятельность инвестиционных фондов и аналогичных финансовых организаций,64.30,2022.0,0.2857142857142857
Деятельность инвестиционных фондов и аналогичных финансовых организаций,64.30,2023.0,0.16666666666666666
Деятельность инвестиционных фондов и аналогичных финансовых организаций,64.30,2024.0,0.125
"Деятельность по предоставлению прочих финансовых услуг, кроме услуг по страхованию и пенсионному обеспечению",64.9,2021.0,0.21349488197200753
"Деятельность по предоставлению прочих финансовых услуг, кроме услуг по страхованию и пенсионному обеспечению",64.9,2022.0,0.030425531914893618
"Деятельность по предоставлению прочих финансовых услуг, кроме услуг по страхованию и пенсионному обеспечению",64.9,2023.0,0.031739734179726246
"Деятельность по предоставлению прочих финансовых услуг, кроме услуг по страхованию и пенсионному обеспечению",64.9,2024.0,0.04078633106742605
Деятельность по финансовой аренде (лизингу/сублизингу),64.91,2021.0,0.013555787278415016
Деятельность по финансовой аренде (лизингу/сублизингу),64.91,2022.0,0.03534777651083238
Деятельность по финансовой аренде (лизингу/сублизингу),64.91,2023.0,0.11498257839721254
Деятельность по финансовой аренде (лизингу/сублизингу),64.91,2024.0,0.18365180467091294
Деятельность по финансовой аренде (лизингу/сублизингу) племенных животных,64.91.1,2021.0,
Деятельность по финансовой аренде (лизингу/сублизингу) племенных животных,64.91.1,2022.0,
Деятельность по финансовой аренде (лизингу/сублизингу) племенных животных,64.91.1,2023.0,
Деятельность по финансовой аренде (лизингу/сублизингу) племенных животных,64.91.1,2024.0,0.3333333333333333
"Деятельность по финансовой аренде (лизингу/сублизингу) в прочих областях, кроме племенных животных",64.91.2,2021.0,0.01675977653631285
"Деятельность по финансовой аренде (лизингу/сублизингу) в прочих областях, кроме племенных животных",64.91.2,2022.0,0.03867403314917127
"Деятельность по финансовой аренде (лизингу/сублизингу) в прочих областях, кроме племенных животных",64.91.2,2023.0,0.015384615384615385
"Деятельность по финансовой аренде (лизингу/сублизингу) в прочих областях, кроме племенных животных",64.91.2,2024.0,0.014492753623188406
Предоставление займов и прочих видов кредита,64.92,2021.0,0.37309346890887757
Предоставление займов и прочих видов кредита,64.92,2022.0,0.013621794871794872
Предоставление займов и прочих видов кредита,64.92,2023.0,0.004664970313825276
Предоставление займов и прочих видов кредита,64.92,2024.0,0.00641319285387082
Деятельность по предоставлению потребительского кредита,64.92.1,2021.0,
Деятельность по предоставлению потребительского кредита,64.92.1,2022.0,0.004132231404958678
Деятельность по предоставлению потребительского кредита,64.92.1,2023.0,
Деятельность по предоставлению потребительского кредита,64.92.1,2024.0,
Деятельность по предоставлению займов промышленности,64.92.2,2021.0,0.015625
Деятельность по предоставлению займов промышленности,64.92.2,2022.0,0.028985507246376812
Деятельность по предоставлению займов промышленности,64.92.2,2023.0,
Деятельность по предоставлению займов промышленности,64.92.2,2024.0,
Деятельность по предоставлению денежных ссуд под залог недвижимого имущества,64.92.3,2021.0,
Деятельность по предоставлению денежных ссуд под залог недвижимого имущества,64.92.3,2022.0,0.045454545454545456
Деятельность по предоставлению денежных ссуд под залог недвижимого имущества,64.92.3,2023.0,
Деятельность по предоставлению денежных ссуд под залог недвижимого имущества,64.92.3,2024.0,
"Деятельность по предоставлению кредитов на покупку домов специализированными учреждениями, не принимающими депозиты",64.92.4,2021.0,
"Деятельность по предоставлению кредитов на покупку домов специализированными учреждениями, не принимающими депозиты",64.92.4,2022.0,
"Деятельность по предоставлению кредитов на покупку домов специализированными учреждениями, не принимающими депозиты",64.92.4,2023.0,
"Деятельность по предоставлению кредитов на покупку домов специализированными учреждениями, не принимающими депозиты",64.92.4,2024.0,
Деятельность по предоставлению ломбардами краткосрочных займов под залог движимого имущества,64.92.6,2021.0,0.008130081300813009
Деятельность по предоставлению ломбардами краткосрочных займов под залог движимого имущества,64.92.6,2022.0,0.01282051282051282
Деятельность по предоставлению ломбардами краткосрочных займов под залог движимого имущества,64.92.6,2023.0,
Деятельность по предоставлению ломбардами краткосрочных займов под залог движимого имущества,64.92.6,2024.0,0.02127659574468085
Деятельность микрофинансовая,64.92.7,2021.0,0.7071161048689139
Деятельность микрофинансовая,64.92.7,2022.0,0.011691348402182385
Деятельность микрофинансовая,64.92.7,2023.0,0.006606110652353427
Деятельность микрофинансовая,64.92.7,2024.0,0.006369426751592357
"Предоставление прочих финансовых услуг, кроме услуг по страхованию и пенсионному обеспечению, не включенных в другие группировки",64.99,2021.0,0.043273013375295044
"Предоставление прочих финансовых услуг, кроме услуг по страхованию и пенсионному обеспечению, не включенных в другие группировки",64.99,2022.0,0.0587792012057272
"Предоставление прочих финансовых услуг, кроме услуг по страхованию и пенсионному обеспечению, не включенных в другие группировки",64.99,2023.0,0.027442371020856202
"Предоставление прочих финансовых услуг, кроме услуг по страхованию и пенсионному обеспечению, не включенных в другие группировки",64.99,2024.0,0.015099223468507334
Вложения в ценные бумаги,64.99.1,2021.0,0.033419023136246784
Вложения в ценные бумаги,64.99.1,2022.0,0.031413612565445025
Вложения в ценные бумаги и деятельность дилерская,64.99.1,2023.0,0.009302325581395349
Вложения в ценные бумаги и деятельность дилерская,64.99.1,2024.0,0.012280701754385965
Вложения в ценные бумаги,64.99.11,2023.0,
Вложения в ценные бумаги,64.99.11,2024.0,
Деятельность дилерская,64.99.12,2024.0,
Деятельность дилерская,64.99.2,2021.0,0.043478260869565216
Деятельность дилерская,64.99.2,2022.0,0.08333333333333333
Деятельность по сбору пожертвований и по формированию целевого капитала некоммерческих организаций,64.99.2,2023.0,0.02127659574468085
Деятельность по сбору пожертвований и по формированию целевого капитала некоммерческих организаций,64.99.2,2024.0,0.015384615384615385
Деятельность по сбору благотворительных пожертвований в денежной форме,64.99.21,2023.0,
Деятельность по сбору благотворительных пожертвований в денежной форме,64.99.21,2024.0,
Деятельность по формированию целевого капитала некоммерческих организаций,64.99.22,2023.0,
Деятельность по формированию целевого капитала некоммерческих организаций,64.99.22,2024.0,
"Капиталовложения в уставные капиталы, венчурное инвестирование, в том числе посредством инвестиционных компаний",64.99.3,2021.0,0.023668639053254437
"Капиталовложения в уставные капиталы, венчурное инвестирование, в том числе посредством инвестиционных компаний",64.99.3,2022.0,
"Капиталовложения в уставные капиталы, венчурное инвестирование, в том числе посредством инвестиционных компаний",64.99.3,2023.0,0.01282051282051282
"Капиталовложения в уставные капиталы, венчурное инвестирование, в том числе посредством инвестиционных компаний",64.99.3,2024.0,0.020202020202020204
"Заключение свопов, опционов и других срочных сделок",64.99.4,2021.0,
"Заключение свопов, опционов и других срочных сделок",64.99.4,2022.0,
"Заключение свопов, опционов и других срочных сделок",64.99.4,2023.0,
"Заключение свопов, опционов и других срочных сделок",64.99.4,2024.0,
Предоставление факторинговых услуг,64.99.5,2021.0,0.06666666666666667
Предоставление факторинговых услуг,64.99.5,2022.0,0.0625
Предоставление факторинговых услуг,64.99.5,2023.0,
Предоставление факторинговых услуг,64.99.5,2024.0,0.04
Деятельность по финансовой взаимопомощи,64.99.6,2021.0,0.10588235294117647
Деятельность по финансовой взаимопомощи,64.99.6,2022.0,0.10714285714285714
Деятельность по финансовой взаимопомощи,64.99.6,2023.0,0.060240963855421686
Деятельность по финансовой взаимопомощи,64.99.6,2024.0,0.04918032786885246
"Деятельность специализированного депозитария инвестиционных фондов, паевых инвестиционных фондов, негосударственных пенсионных фондов",64.99.7,2021.0,
"Деятельность специализированного депозитария инвестиционных фондов, паевых инвестиционных фондов, негосударственных пенсионных фондов",64.99.7,2022.0,0.125
"Деятельность специализированного депозитария инвестиционных фондов, паевых инвестиционных фондов, негосударственных пенсионных фондов",64.99.7,2023.0,
"Деятельность специализированного депозитария инвестиционных фондов, паевых инвестиционных фондов, негосударственных пенсионных фондов",64.99.7,2024.0,
"Деятельность ипотечных агентов, управляющих ипотечным покрытием; деятельность специализированных депозитариев ипотечного покрытия",64.99.8,2021.0,
"Деятельность ипотечных агентов, управляющих ипотечным покрытием; деятельность специализированных депозитариев ипотечного покрытия",64.99.8,2022.0,0.25
"Деятельность ипотечных агентов, управляющих ипотечным покрытием; деятельность специализированных депозитариев ипотечного покрытия",64.99.8,2023.0,0.16666666666666666
"Деятельность ипотечных агентов, управляющих ипотечным покрытием; деятельность специализированных депозитариев ипотечного покрытия",64.99.8,2024.0,0.2
Деятельность жилищных накопительных кооперативов,64.99.9,2021.0,0.05
Деятельность жилищных накопительных кооперативов,64.99.9,2022.0,0.09523809523809523
Деятельность жилищных накопительных кооперативов,64.99.9,2023.0,0.05
Деятельность жилищных накопительных кооперативов,64.99.9,2024.0,
"Страхование, перестрахование, деятельность негосударственных пенсионных фондов, кроме обязательного социального обеспечения",65,2021.0,0.01762114537444934
"Страхование, перестрахование, деятельность негосударственных пенсионных фондов, кроме обязательного социального обеспечения",65,2022.0,0.09686296092460099
"Страхование, перестрахование, деятельность негосударственных пенсионных фондов, кроме обязательного социального обеспечения",65,2023.0,0.08196721311475409
"Страхование, перестрахование, деятельность негосударственных пенсионных фондов, кроме обязательного социального обеспечения",65,2024.0,0.10322922181048173
Страхование,65.1,2021.0,0.017521902377972465
Страхование,65.1,2022.0,0.10664993726474278
Страхование,65.1,2023.0,0.09102564102564102
Страхование,65.1,2024.0,0.12002487562189054
Страхование жизни,65.11,2021.0,0.014218009478672985
Страхование жизни,65.11,2022.0,0.027777777777777776
Страхование жизни,65.11,2023.0,0.03017241379310345
Страхование жизни,65.11,2024.0,0.03361344537815126
"Страхование, кроме страхования жизни",65.12,2021.0,0.01802451333813987
"Страхование, кроме страхования жизни",65.12,2022.0,0.11901306240928883
"Страхование, кроме страхования жизни",65.12,2023.0,0.1016566265060241
"Страхование, кроме страхования жизни",65.12,2024.0,0.13503649635036497
Страхование медицинское,65.12.1,2021.0,0.01639344262295082
Страхование медицинское,65.12.1,2022.0,0.047619047619047616
Страхование медицинское,65.12.1,2023.0,0.025974025974025976
Страхование медицинское,65.12.1,2024.0,0.24731182795698925
Страхование имущества,65.12.2,2021.0,0.004761904761904762
Страхование имущества,65.12.2,2022.0,0.009708737864077669
Страхование имущества,65.12.2,2023.0,0.020100502512562814
Страхование имущества,65.12.2,2024.0,0.024844720496894408
Страхование гражданской ответственности,65.12.3,2021.0,
Страхование гражданской ответственности,65.12.3,2022.0,
Страхование гражданской ответственности,65.12.3,2023.0,
Страхование гражданской ответственности,65.12.3,2024.0,
Страхование от несчастных случаев и болезней,65.12.4,2021.0,
Страхование от несчастных случаев и болезней,65.12.4,2022.0,
Страхование от несчастных случаев и болезней,65.12.4,2023.0,
Страхование от несчастных случаев и болезней,65.12.4,2024.0,
Страхование рисков,65.12.5,2021.0,
Страхование рисков,65.12.5,2022.0,
Страхование рисков,65.12.5,2023.0,
Страхование рисков,65.12.5,2024.0,
"Прочие виды страхования, не включенные в другие группировки",65.12.9,2021.0,0.006666666666666667
"Прочие виды страхования, не включенные в другие группировки",65.12.9,2022.0,0.30201342281879195
"Прочие виды страхования, не включенные в другие группировки",65.12.9,2023.0,0.007042253521126761
"Прочие виды страхования, не включенные в другие группировки",65.12.9,2024.0,0.014705882352941176
Перестрахование,65.20,2021.0,
Перестрахование,65.20,2022.0,
Перестрахование,65.20,2023.0,
Перестрахование,65.20,2024.0,
Деятельность негосударственных пенсионных фондов,65.30,2021.0,0.018518518518518517
Деятельность негосударственных пенсионных фондов,65.30,2022.0,0.0273972602739726
Деятельность негосударственных пенсионных фондов,65.30,2023.0,0.014634146341463415
Деятельность негосударственных пенсионных фондов,65.30,2024.0,0.007246376811594203
Деятельность вспомогательная в сфере финансовых услуг и страхования,66,2021.0,0.024271844660194174
Деятельность вспомогательная в сфере финансовых услуг и страхования,66,2022.0,0.07263681592039802
Деятельность вспомогательная в сфере финансовых услуг и страхования,66,2023.0,0.012757605495583905
Деятельность вспомогательная в сфере финансовых услуг и страхования,66,2024.0,0.017463235294117647
"Деятельность вспомогательная в сфере финансовых услуг, кроме страхования и пенсионного обеспечения",66.1,2021.0,0.022962112514351322
"Деятельность вспомогательная в сфере финансовых услуг, кроме страхования и пенсионного обеспечения",66.1,2022.0,0.08214285714285714
"Деятельность вспомогательная в сфере финансовых услуг, кроме страхования и пенсионного обеспечения",66.1,2023.0,0.012106537530266344
"Деятельность вспомогательная в сфере финансовых услуг, кроме страхования и пенсионного обеспечения",66.1,2024.0,0.01647058823529412
Управление финансовыми рынками,66.11,2021.0,0.012658227848101266
Управление финансовыми рынками,66.11,2022.0,0.029508196721311476
Управление финансовыми рынками,66.11,2023.0,
Управление финансовыми рынками,66.11,2024.0,0.006872852233676976
Деятельность по организации торговли на финансовых рынках,66.11.1,2021.0,0.14285714285714285
Деятельность по организации торговли на финансовых рынках,66.11.1,2022.0,
Деятельность по организации торговли на финансовых рынках,66.11.1,2023.0,
Деятельность по организации торговли на финансовых рынках,66.11.1,2024.0,0.16666666666666666
"Управление и контроль за деятельностью фондовых, товарных, валютных и валютнофондовых бирж",66.11.2,2021.0,
"Управление и контроль за деятельностью фондовых, товарных, валютных и валютнофондовых бирж",66.11.2,2022.0,
"Управление и контроль за деятельностью фондовых, товарных, валютных и валютнофондовых бирж",66.11.2,2023.0,
"Управление и контроль за деятельностью фондовых, товарных, валютных и валютнофондовых бирж",66.11.2,2024.0,0.3333333333333333
Деятельность регистраторов по ведению реестра владельцев ценных бумаг,66.11.3,2021.0,0.007067137809187279
Деятельность регистраторов по ведению реестра владельцев ценных бумаг,66.11.3,2022.0,0.03214285714285714
Деятельность регистраторов по ведению реестра владельцев ценных бумаг,66.11.3,2023.0,
Деятельность регистраторов по ведению реестра владельцев ценных бумаг,66.11.3,2024.0,
Деятельность по обеспечению эффективности функционирования финансовых рынков,66.11.4,2021.0,
Деятельность по обеспечению эффективности функционирования финансовых рынков,66.11.4,2022.0,
Деятельность по обеспечению эффективности функционирования финансовых рынков,66.11.4,2023.0,
Деятельность по обеспечению эффективности функционирования финансовых рынков,66.11.4,2024.0,
Деятельность по определению взаимных обязательств (клиринг),66.11.5,2021.0,
Деятельность по определению взаимных обязательств (клиринг),66.11.5,2022.0,
Деятельность по определению взаимных обязательств (клиринг),66.11.5,2023.0,
Деятельность по определению взаимных обязательств (клиринг),66.11.5,2024.0,
Деятельность брокерская по сделкам с ценными бумагами и товарами,66.12,2021.0,0.026119402985074626
Деятельность брокерская по сделкам с ценными бумагами и товарами,66.12,2022.0,0.1902834008097166
Деятельность брокерская по сделкам с ценными бумагами и товарами,66.12,2023.0,0.015151515151515152
Деятельность брокерская по сделкам с ценными бумагами и товарами,66.12,2024.0,0.014184397163120567
"Деятельность биржевых посредников и биржевых брокеров, совершающих товарные фьючерсные и опционные сделки в биржевой торговле",66.12.1,2021.0,0.015789473684210527
"Деятельность биржевых посредников и биржевых брокеров, совершающих товарные фьючерсные и опционные сделки в биржевой торговле",66.12.1,2022.0,0.25595238095238093
"Деятельность биржевых посредников и биржевых брокеров, совершающих товарные фьючерсные и опционные сделки в биржевой торговле",66.12.1,2023.0,0.0189873417721519
"Деятельность биржевых посредников и биржевых брокеров, совершающих товарные фьючерсные и опционные сделки в биржевой торговле",66.12.1,2024.0,0.007575757575757576
Деятельность по управлению ценными бумагами,66.12.2,2021.0,0.05084745762711865
Деятельность по управлению ценными бумагами,66.12.2,2022.0,0.05172413793103448
Деятельность по управлению ценными бумагами,66.12.2,2023.0,0.019230769230769232
Деятельность по управлению ценными бумагами,66.12.2,2024.0,0.05084745762711865
Деятельность эмиссионная,66.12.3,2021.0,
Деятельность эмиссионная,66.12.3,2022.0,
Деятельность эмиссионная,66.12.3,2024.0,
"Деятельность вспомогательная прочая в сфере финансовых услуг, кроме страхования и пенсионного обеспечения",66.19,2021.0,0.0313588850174216
"Деятельность вспомогательная прочая в сфере финансовых услуг, кроме страхования и пенсионного обеспечения",66.19,2022.0,0.04513888888888889
"Деятельность вспомогательная прочая в сфере финансовых услуг, кроме страхования и пенсионного обеспечения",66.19,2023.0,0.022727272727272728
"Деятельность вспомогательная прочая в сфере финансовых услуг, кроме страхования и пенсионного обеспечения",66.19,2024.0,0.02888086642599278
Деятельность по предоставлению брокерских услуг по ипотечным операциям,66.19.1,2021.0,
Деятельность по предоставлению брокерских услуг по ипотечным операциям,66.19.1,2022.0,0.5
Деятельность по предоставлению брокерских услуг по ипотечным операциям,66.19.1,2023.0,
Деятельность по предоставлению брокерских услуг по ипотечным операциям,66.19.1,2024.0,
Деятельность по предоставлению консультационных услуг по вопросам финансового посредничества,66.19.4,2021.0,0.012121212121212121
Деятельность по предоставлению консультационных услуг по вопросам финансового посредничества,66.19.4,2022.0,0.005952380952380952
Деятельность по предоставлению консультационных услуг по вопросам финансового посредничества,66.19.4,2023.0,0.0056179775280898875
Деятельность по предоставлению консультационных услуг по вопросам финансового посредничества,66.19.4,2024.0,0.01694915254237288
"Предоставление услуг по хранению ценностей, депозитарная деятельность",66.19.5,2021.0,0.1111111111111111
"Предоставление услуг по хранению ценностей, депозитарная деятельность",66.19.5,2022.0,0.21428571428571427
"Предоставление услуг по хранению ценностей, депозитарная деятельность",66.19.5,2023.0,0.16666666666666666
"Предоставление услуг по хранению ценностей, депозитарная деятельность",66.19.5,2024.0,0.16666666666666666
Деятельность по приему платежей физических лиц платежными агентами,66.19.6,2021.0,0.05
Деятельность по приему платежей физических лиц платежными агентами,66.19.6,2022.0,0.0967741935483871
Деятельность по приему платежей физических лиц платежными агентами,66.19.6,2023.0,0.06896551724137931
Деятельность по приему платежей физических лиц платежными агентами,66.19.6,2024.0,0.041666666666666664
Деятельность операторов по приему платежей физических лиц,66.19.61,2021.0,0.14285714285714285
Деятельность операторов по приему платежей физических лиц,66.19.61,2022.0,0.1
Деятельность операторов по приему платежей физических лиц,66.19.61,2023.0,
Деятельность операторов по приему платежей физических лиц,66.19.61,2024.0,
Деятельность платежных субагентов по приему платежей физических лиц,66.19.62,2021.0,
Деятельность платежных субагентов по приему платежей физических лиц,66.19.62,2022.0,
Деятельность платежных субагентов по приему платежей физических лиц,66.19.62,2023.0,
Деятельность платежных субагентов по приему платежей физических лиц,66.19.62,2024.0,
Рейтинговая деятельность,66.19.7,2021.0,0.5
Рейтинговая деятельность,66.19.7,2022.0,0.5
Рейтинговая деятельность,66.19.7,2023.0,
Рейтинговая деятельность,66.19.7,2024.0,
Деятельность вспомогательная в сфере страхования и пенсионного обеспечения,66.2,2021.0,0.016260162601626018
Деятельность вспомогательная в сфере страхования и пенсионного обеспечения,66.2,2022.0,0.024
Деятельность вспомогательная в сфере страхования и пенсионного обеспечения,66.2,2023.0,0.022727272727272728
Деятельность вспомогательная в сфере страхования и пенсионного обеспечения,66.2,2024.0,0.02857142857142857
Оценка рисков и ущерба,66.21,2021.0,0.010869565217391304
Оценка рисков и ущерба,66.21,2022.0,0.011111111111111112
Оценка рисков и ущерба,66.21,2023.0,0.011111111111111112
Оценка рисков и ущерба,66.21,2024.0,0.010869565217391304
Деятельность страховых агентов и брокеров,66.22,2021.0,0.047619047619047616
Деятельность страховых агентов и брокеров,66.22,2022.0,0.041666666666666664
Деятельность страховых агентов и брокеров,66.22,2023.0,0.03571428571428571
Деятельность страховых агентов и брокеров,66.22,2024.0,0.06060606060606061
Деятельность вспомогательная прочая в сфере страхования и пенсионного обеспечения,66.29,2021.0,
Деятельность вспомогательная прочая в сфере страхования и пенсионного обеспечения,66.29,2022.0,0.09090909090909091
Деятельность вспомогательная прочая в сфере страхования и пенсионного обеспечения,66.29,2023.0,0.07142857142857142
Деятельность вспомогательная прочая в сфере страхования и пенсионного обеспечения,66.29,2024.0,0.06666666666666667
Деятельность страховых актуариев,66.29.1,2023.0,
Деятельность страховых актуариев,66.29.1,2024.0,
Деятельность распорядителей спасательными работами,66.29.2,2021.0,
Деятельность распорядителей спасательными работами,66.29.2,2022.0,0.25
Деятельность распорядителей спасательными работами,66.29.2,2023.0,0.125
Деятельность распорядителей спасательными работами,66.29.2,2024.0,0.14285714285714285
"Деятельность вспомогательная прочая в сфере страхования, кроме обязательного социального страхования",66.29.9,2021.0,
"Деятельность вспомогательная прочая в сфере страхования, кроме обязательного социального страхования",66.29.9,2022.0,
"Деятельность вспомогательная прочая в сфере страхования, кроме обязательного социального страхования",66.29.9,2023.0,
"Деятельность вспомогательная прочая в сфере страхования, кроме обязательного социального страхования",66.29.9,2024.0,
Деятельность по управлению фондами,66.30,2021.0,0.08333333333333333
Деятельность по управлению фондами,66.30,2022.0,0.025
Деятельность по управлению фондами,66.30,2023.0,
Деятельность по управлению фондами,66.30,2024.0,0.01020408163265306
Управление инвестиционными фондами,66.30.1,2021.0,
Управление инвестиционными фондами,66.30.1,2022.0,
Управление инвестиционными фондами,66.30.1,2023.0,
Управление инвестиционными фондами,66.30.1,2024.0,
Управление на основе индивидуальных договоров доверительного управления активами,66.30.6,2021.0,
Управление на основе индивидуальных договоров доверительного управления активами,66.30.6,2022.0,
Управление на основе индивидуальных договоров доверительного управления активами,66.30.6,2023.0,
Управление на основе индивидуальных договоров доверительного управления активами,66.30.6,2024.0,
Другие виды деятельности по управлению активами,66.30.9,2021.0,0.2222222222222222
Другие виды деятельности по управлению активами,66.30.9,2022.0,
Другие виды деятельности по управлению активами,66.30.9,2023.0,
Другие виды деятельности по управлению активами,66.30.9,2024.0,
Операции с недвижимым имуществом,68,2021.0,0.03413877189093328
Операции с недвижимым имуществом,68,2022.0,0.05732036103622084
Операции с недвижимым имуществом,68,2023.0,0.0466461974492206
Операции с недвижимым имуществом,68,2024.0,0.02465909090909091
Покупка и продажа собственного недвижимого имущества,68.10,2021.0,0.02466367713004484
Покупка и продажа собственного недвижимого имущества,68.10,2022.0,0.04666666666666667
Покупка и продажа собственного недвижимого имущества,68.10,2023.0,0.028761061946902654
Покупка и продажа собственного недвижимого имущества,68.10,2024.0,0.017857142857142856
Подготовка к продаже собственного недвижимого имущества,68.10.1,2021.0,0.029850746268656716
Подготовка к продаже собственного недвижимого имущества,68.10.1,2022.0,0.015748031496062992
Подготовка к продаже собственного недвижимого имущества,68.10.1,2023.0,0.03669724770642202
Подготовка к продаже собственного недвижимого имущества,68.10.1,2024.0,0.02586206896551724
Подготовка к продаже собственного жилого недвижимого имущества,68.10.11,2021.0,0.027777777777777776
Подготовка к продаже собственного жилого недвижимого имущества,68.10.11,2022.0,0.015873015873015872
Подготовка к продаже собственного жилого недвижимого имущества,68.10.11,2023.0,0.07272727272727272
Подготовка к продаже собственного жилого недвижимого имущества,68.10.11,2024.0,0.058823529411764705
Подготовка к продаже собственного нежилого недвижимого имущества,68.10.12,2021.0,
Подготовка к продаже собственного нежилого недвижимого имущества,68.10.12,2022.0,0.023255813953488372
Подготовка к продаже собственного нежилого недвижимого имущества,68.10.12,2023.0,
Подготовка к продаже собственного нежилого недвижимого имущества,68.10.12,2024.0,
Покупка и продажа собственного недвижимого имущества,68.10.2,2021.0,0.019704433497536946
Покупка и продажа собственного недвижимого имущества,68.10.2,2022.0,0.05660377358490566
Покупка и продажа собственного недвижимого имущества,68.10.2,2023.0,0.041666666666666664
Покупка и продажа собственного недвижимого имущества,68.10.2,2024.0,0.016556291390728478
Покупка и продажа собственного жилого недвижимого имущества,68.10.21,2021.0,0.016666666666666666
Покупка и продажа собственного жилого недвижимого имущества,68.10.21,2022.0,0.05303030303030303
Покупка и продажа собственного жилого недвижимого имущества,68.10.21,2023.0,0.03968253968253968
Покупка и продажа собственного жилого недвижимого имущества,68.10.21,2024.0,0.02577319587628866
Покупка и продажа собственных нежилых зданий и помещений,68.10.22,2021.0,0.0425531914893617
Покупка и продажа собственных нежилых зданий и помещений,68.10.22,2022.0,0.0425531914893617
Покупка и продажа собственных нежилых зданий и помещений,68.10.22,2023.0,0.05357142857142857
Покупка и продажа собственных нежилых зданий и помещений,68.10.22,2024.0,
Покупка и продажа земельных участков,68.10.23,2021.0,
Покупка и продажа земельных участков,68.10.23,2022.0,0.10344827586206896
Покупка и продажа земельных участков,68.10.23,2023.0,0.03333333333333333
Покупка и продажа земельных участков,68.10.23,2024.0,
Аренда и управление собственным или арендованным недвижимым имуществом,68.20,2021.0,0.03156450137236962
Аренда и управление собственным или арендованным недвижимым имуществом,68.20,2022.0,0.06188925081433225
Аренда и управление собственным или арендованным недвижимым имуществом,68.20,2023.0,0.056210335448776065
Аренда и управление собственным или арендованным недвижимым имуществом,68.20,2024.0,0.023519350010690613
Аренда и управление собственным или арендованным жилым недвижимым имуществом,68.20.1,2021.0,0.034653465346534656
Аренда и управление собственным или арендованным жилым недвижимым имуществом,68.20.1,2022.0,0.05240174672489083
Аренда и управление собственным или арендованным жилым недвижимым имуществом,68.20.1,2023.0,0.026422764227642278
Аренда и управление собственным или арендованным жилым недвижимым имуществом,68.20.1,2024.0,0.023668639053254437
Аренда и управление собственным или арендованным нежилым недвижимым имуществом,68.20.2,2021.0,0.03381256656017039
Аренда и управление собственным или арендованным нежилым недвижимым имуществом,68.20.2,2022.0,0.0668109277792805
Аренда и управление собственным или арендованным нежилым недвижимым имуществом,68.20.2,2023.0,0.06526019690576652
Аренда и управление собственным или арендованным нежилым недвижимым имуществом,68.20.2,2024.0,0.0255573681348559
Аренда и управление собственным или арендованным торговым объектом недвижимого имущества,68.20.21,2022.0,0.5
Аренда и управление собственным или арендованным торговым объектом недвижимого имущества,68.20.21,2023.0,0.055130168453292494
Аренда и управление собственным или арендованным торговым объектом недвижимого имущества,68.20.21,2024.0,0.03536977491961415
Аренда и управление собственным или арендованным прочим нежилым недвижимым имуществом,68.20.29,2022.0,
Аренда и управление собственным или арендованным прочим нежилым недвижимым имуществом,68.20.29,2023.0,0.08037383177570094
Аренда и управление собственным или арендованным прочим нежилым недвижимым имуществом,68.20.29,2024.0,0.023605150214592276
Операции с недвижимым имуществом за вознаграждение или на договорной основе,68.3,2021.0,0.03782112274024738
Операции с недвижимым имуществом за вознаграждение или на договорной основе,68.3,2022.0,0.05339677504625958
Операции с недвижимым имуществом за вознаграждение или на договорной основе,68.3,2023.0,0.03718091009988901
Операции с недвижимым имуществом за вознаграждение или на договорной основе,68.3,2024.0,0.027224249228178503
Деятельность агентств недвижимости за вознаграждение или на договорной основе,68.31,2021.0,0.022435897435897436
Деятельность агентств недвижимости за вознаграждение или на договорной основе,68.31,2022.0,0.05982905982905983
Деятельность агентств недвижимости за вознаграждение или на договорной основе,68.31,2023.0,0.04824561403508772
Деятельность агентств недвижимости за вознаграждение или на договорной основе,68.31,2024.0,0.021739130434782608
Предоставление посреднических услуг при купле-продаже недвижимого имущества за вознаграждение или на договорной основе,68.31.1,2021.0,0.025
Предоставление посреднических услуг при купле-продаже недвижимого имущества за вознаграждение или на договорной основе,68.31.1,2022.0,0.07
Предоставление посреднических услуг при купле-продаже недвижимого имущества за вознаграждение или на договорной основе,68.31.1,2024.0,0.009523809523809525
Предоставление посреднических услуг при купле-продаже жилого недвижимого имущества за вознаграждение или на договорной основе,68.31.11,2021.0,
Предоставление посреднических услуг при купле-продаже жилого недвижимого имущества за вознаграждение или на договорной основе,68.31.11,2022.0,0.06818181818181818
Предоставление посреднических услуг при купле-продаже жилого недвижимого имущества за вознаграждение или на договорной основе,68.31.11,2024.0,0.018518518518518517
Предоставление посреднических услуг при купле-продаже нежилого недвижимого имущества за вознаграждение или на договорной основе,68.31.12,2021.0,0.015384615384615385
Предоставление посреднических услуг при купле-продаже нежилого недвижимого имущества за вознаграждение или на договорной основе,68.31.12,2022.0,0.06818181818181818
Предоставление посреднических услуг при купле-продаже нежилого недвижимого имущества за вознаграждение или на договорной основе,68.31.12,2023.0,0.07894736842105263
Предоставление посреднических услуг при купле-продаже нежилого недвижимого имущества за вознаграждение или на договорной основе,68.31.12,2024.0,
Предоставление посреднических услуг по аренде недвижимого имущества за вознаграждение или на договорной основе,68.31.2,2021.0,
Предоставление посреднических услуг по аренде недвижимого имущества за вознаграждение или на договорной основе,68.31.2,2022.0,0.06779661016949153
Предоставление посреднических услуг по аренде недвижимого имущества за вознаграждение или на договорной основе,68.31.2,2023.0,0.057692307692307696
Предоставление посреднических услуг по аренде недвижимого имущества за вознаграждение или на договорной основе,68.31.2,2024.0,
Предоставление посреднических услуг по аренде жилого недвижимого имущества за вознаграждение или на договорной основе,68.31.21,2021.0,
Предоставление посреднических услуг по аренде жилого недвижимого имущества за вознаграждение или на договорной основе,68.31.21,2022.0,
Предоставление посреднических услуг по аренде жилого недвижимого имущества за вознаграждение или на договорной основе,68.31.21,2023.0,
Предоставление посреднических услуг по аренде жилого недвижимого имущества за вознаграждение или на договорной основе,68.31.21,2024.0,
Предоставление посреднических услуг по аренде нежилого недвижимого имущества за вознаграждение или на договорной основе,68.31.22,2021.0,
Предоставление посреднических услуг по аренде нежилого недвижимого имущества за вознаграждение или на договорной основе,68.31.22,2022.0,0.07407407407407407
Предоставление посреднических услуг по аренде нежилого недвижимого имущества за вознаграждение или на договорной основе,68.31.22,2023.0,0.045454545454545456
Предоставление посреднических услуг по аренде нежилого недвижимого имущества за вознаграждение или на договорной основе,68.31.22,2024.0,
Предоставление консультационных услуг при купле-продаже недвижимого имущества за вознаграждение или на договорной основе,68.31.3,2021.0,
Предоставление консультационных услуг при купле-продаже недвижимого имущества за вознаграждение или на договорной основе,68.31.3,2022.0,0.16666666666666666
Предоставление консультационных услуг при купле-продаже недвижимого имущества за вознаграждение или на договорной основе,68.31.3,2023.0,0.125
Предоставление консультационных услуг при купле-продаже недвижимого имущества за вознаграждение или на договорной основе,68.31.3,2024.0,0.2857142857142857
Предоставление консультационных услуг при купле-продаже жилого недвижимого имущества за вознаграждение или на договорной основе,68.31.31,2021.0,
Предоставление консультационных услуг при купле-продаже жилого недвижимого имущества за вознаграждение или на договорной основе,68.31.31,2022.0,
Предоставление консультационных услуг при купле-продаже жилого недвижимого имущества за вознаграждение или на договорной основе,68.31.31,2024.0,0.25
Предоставление консультационных услуг при купле-продаже нежилого недвижимого имущества за вознаграждение или на договорной основе,68.31.32,2021.0,
Предоставление консультационных услуг при купле-продаже нежилого недвижимого имущества за вознаграждение или на договорной основе,68.31.32,2022.0,
Предоставление консультационных услуг при купле-продаже нежилого недвижимого имущества за вознаграждение или на договорной основе,68.31.32,2023.0,1.0
Предоставление консультационных услуг при купле-продаже нежилого недвижимого имущества за вознаграждение или на договорной основе,68.31.32,2024.0,1.0
Предоставление консультационных услуг по аренде недвижимого имущества за вознаграждение или на договорной основе,68.31.4,2021.0,
Предоставление консультационных услуг по аренде недвижимого имущества за вознаграждение или на договорной основе,68.31.4,2022.0,
Предоставление консультационных услуг по аренде недвижимого имущества за вознаграждение или на договорной основе,68.31.4,2023.0,
Предоставление консультационных услуг по аренде недвижимого имущества за вознаграждение или на договорной основе,68.31.4,2024.0,
Предоставление консультационных услуг по аренде жилого недвижимого имущества за вознаграждение или на договорной основе,68.31.41,2021.0,
Предоставление консультационных услуг по аренде жилого недвижимого имущества за вознаграждение или на договорной основе,68.31.41,2022.0,
Предоставление консультационных услуг по аренде жилого недвижимого имущества за вознаграждение или на договорной основе,68.31.41,2023.0,
Предоставление консультационных услуг по аренде жилого недвижимого имущества за вознаграждение или на договорной основе,68.31.41,2024.0,
Предоставление консультационных услуг по аренде нежилого недвижимого имущества за вознаграждение или на договорной основе,68.31.42,2021.0,
Предоставление консультационных услуг по аренде нежилого недвижимого имущества за вознаграждение или на договорной основе,68.31.42,2022.0,
Предоставление консультационных услуг по аренде нежилого недвижимого имущества за вознаграждение или на договорной основе,68.31.42,2023.0,
Предоставление консультационных услуг по аренде нежилого недвижимого имущества за вознаграждение или на договорной основе,68.31.42,2024.0,
Предоставление посреднических услуг при оценке недвижимого имущества за вознаграждение или на договорной основе,68.31.5,2021.0,
Предоставление посреднических услуг при оценке недвижимого имущества за вознаграждение или на договорной основе,68.31.5,2022.0,
Предоставление посреднических услуг при оценке недвижимого имущества за вознаграждение или на договорной основе,68.31.5,2023.0,
Предоставление посреднических услуг при оценке недвижимого имущества за вознаграждение или на договорной основе,68.31.5,2024.0,
Предоставление посреднических услуг при оценке жилого недвижимого имущества за вознаграждение или на договорной основе,68.31.51,2021.0,
Предоставление посреднических услуг при оценке жилого недвижимого имущества за вознаграждение или на договорной основе,68.31.51,2022.0,
Предоставление посреднических услуг при оценке жилого недвижимого имущества за вознаграждение или на договорной основе,68.31.51,2023.0,
Предоставление посреднических услуг при оценке жилого недвижимого имущества за вознаграждение или на договорной основе,68.31.51,2024.0,
Предоставление посреднических услуг при оценке нежилого недвижимого имущества за вознаграждение или на договорной основе,68.31.52,2021.0,
Предоставление посреднических услуг при оценке нежилого недвижимого имущества за вознаграждение или на договорной основе,68.31.52,2022.0,
Предоставление посреднических услуг при оценке нежилого недвижимого имущества за вознаграждение или на договорной основе,68.31.52,2023.0,
Предоставление посреднических услуг при оценке нежилого недвижимого имущества за вознаграждение или на договорной основе,68.31.52,2024.0,
Управление недвижимым имуществом за вознаграждение или на договорной основе,68.32,2021.0,0.03905447070914697
Управление недвижимым имуществом за вознаграждение или на договорной основе,68.32,2022.0,0.052972668357283745
Управление недвижимым имуществом за вознаграждение или на договорной основе,68.32,2023.0,0.03643364928909953
Управление недвижимым имуществом за вознаграждение или на договорной основе,68.32,2024.0,0.027602760276027604
Управление эксплуатацией жилого фонда за вознаграждение или на договорной основе,68.32.1,2021.0,0.032679738562091505
Управление эксплуатацией жилого фонда за вознаграждение или на договорной основе,68.32.1,2022.0,0.05402087170042971
Управление эксплуатацией жилого фонда за вознаграждение или на договорной основе,68.32.1,2023.0,0.04241219350563287
Управление эксплуатацией жилого фонда за вознаграждение или на договорной основе,68.32.1,2024.0,0.04535315985130112
Управление эксплуатацией нежилого фонда за вознаграждение или на договорной основе,68.32.2,2021.0,0.01823486506199854
Управление эксплуатацией нежилого фонда за вознаграждение или на договорной основе,68.32.2,2022.0,0.04850213980028531
Управление эксплуатацией нежилого фонда за вознаграждение или на договорной основе,68.32.2,2023.0,0.03012912482065997
Управление эксплуатацией нежилого фонда за вознаграждение или на договорной основе,68.32.2,2024.0,0.012803234501347708
Деятельность по технической инвентаризации недвижимого имущества,68.32.3,2021.0,0.2247191011235955
Деятельность по технической инвентаризации недвижимого имущества,68.32.3,2022.0,0.038834951456310676
Деятельность по технической инвентаризации недвижимого имущества,68.32.3,2023.0,
Деятельность по технической инвентаризации недвижимого имущества,68.32.3,2024.0,
Деятельность в области права и бухгалтерского учета,69,2021.0,0.025978407557354925
Деятельность в области права и бухгалтерского учета,69,2022.0,0.04882071581725218
Деятельность в области права и бухгалтерского учета,69,2023.0,0.031050085816820096
Деятельность в области права и бухгалтерского учета,69,2024.0,0.028487947406866325
Деятельность в области права,69.10,2021.0,0.028726061615320566
Деятельность в области права,69.10,2022.0,0.0757201646090535
Деятельность в области права,69.10,2023.0,0.03975644699140401
Деятельность в области права,69.10,2024.0,0.04010266281681104
"Деятельность по оказанию услуг в области бухгалтерского учета, по проведению финансового аудита, по налоговому консультированию",69.20,2021.0,0.02410663641520136
"Деятельность по оказанию услуг в области бухгалтерского учета, по проведению финансового аудита, по налоговому консультированию",69.20,2022.0,0.030828516377649325
"Деятельность по оказанию услуг в области бухгалтерского учета, по проведению финансового аудита, по налоговому консультированию",69.20,2023.0,0.024329554879734587
"Деятельность по оказанию услуг в области бухгалтерского учета, по проведению финансового аудита, по налоговому консультированию",69.20,2024.0,0.018776824034334765
Деятельность по проведению финансового аудита,69.20.1,2021.0,0.20212765957446807
Деятельность по проведению финансового аудита,69.20.1,2022.0,0.075
Деятельность по проведению финансового аудита,69.20.1,2023.0,
Деятельность по проведению финансового аудита,69.20.1,2024.0,0.22666666666666666
Деятельность по оказанию услуг в области бухгалтерского учета,69.20.2,2021.0,0.01783876500857633
Деятельность по оказанию услуг в области бухгалтерского учета,69.20.2,2022.0,0.025785123966942148
Деятельность по оказанию услуг в области бухгалтерского учета,69.20.2,2023.0,0.024943310657596373
Деятельность по оказанию услуг в области бухгалтерского учета,69.20.2,2024.0,0.01364213197969543
Деятельность области налогового консультирования,69.20.3,2021.0,
Деятельность области налогового консультирования,69.20.3,2022.0,0.1
Деятельность области налогового консультирования,69.20.3,2023.0,
Деятельность области налогового консультирования,69.20.3,2024.0,0.1111111111111111
Деятельность головных офисов; консультирование по вопросам управления,70,2021.0,0.04020100502512563
Деятельность головных офисов; консультирование по вопросам управления,70,2022.0,0.0580511402902557
Деятельность головных офисов; консультирование по вопросам управления,70,2023.0,0.03510466988727858
Деятельность головных офисов; консультирование по вопросам управления,70,2024.0,0.02891355140186916
Деятельность головных офисов,70.10,2021.0,0.05183585313174946
Деятельность головных офисов,70.10,2022.0,0.07111111111111111
Деятельность головных офисов,70.10,2023.0,0.05533596837944664
Деятельность головных офисов,70.10,2024.0,0.032948929159802305
Деятельность по управлению финансово-промышленными группами,70.10.1,2021.0,0.0594059405940594
Деятельность по управлению финансово-промышленными группами,70.10.1,2022.0,0.08536585365853659
Деятельность по управлению финансово-промышленными группами,70.10.1,2023.0,0.04477611940298507
Деятельность по управлению финансово-промышленными группами,70.10.1,2024.0,0.10810810810810811
Деятельность по управлению холдинг-компаниями,70.10.2,2021.0,0.02654867256637168
Деятельность по управлению холдинг-компаниями,70.10.2,2022.0,0.08139534883720931
Деятельность по управлению холдинг-компаниями,70.10.2,2023.0,0.03896103896103896
Деятельность по управлению холдинг-компаниями,70.10.2,2024.0,0.010638297872340425
Консультирование по вопросам управления,70.2,2021.0,0.0380650277557494
Консультирование по вопросам управления,70.2,2022.0,0.05564648117839607
Консультирование по вопросам управления,70.2,2023.0,0.03116583301269719
Консультирование по вопросам управления,70.2,2024.0,0.028044018459353923
Деятельность в сфере связей с общественностью,70.21,2021.0,
Деятельность в сфере связей с общественностью,70.21,2022.0,0.017543859649122806
Деятельность в сфере связей с общественностью,70.21,2023.0,
Деятельность в сфере связей с общественностью,70.21,2024.0,0.011363636363636364
Консультирование по вопросам коммерческой деятельности и управления,70.22,2021.0,0.03870967741935484
Консультирование по вопросам коммерческой деятельности и управления,70.22,2022.0,0.05655634687892752
Консультирование по вопросам коммерческой деятельности и управления,70.22,2023.0,0.03200316080600553
Консультирование по вопросам коммерческой деятельности и управления,70.22,2024.0,0.028581898131183583
"Деятельность в области архитектуры и инженерно-технического проектирования; технических испытаний, исследований и анализа",71,2021.0,0.030236721702804854
"Деятельность в области архитектуры и инженерно-технического проектирования; технических испытаний, исследований и анализа",71,2022.0,0.04694141563481796
"Деятельность в области архитектуры и инженерно-технического проектирования; технических испытаний, исследований и анализа",71,2023.0,0.03581883933184088
"Деятельность в области архитектуры и инженерно-технического проектирования; технических испытаний, исследований и анализа",71,2024.0,0.029015710163513946
"Деятельность в области архитектуры, инженерных изысканий и предоставление технических консультаций в этих областях",71.1,2021.0,0.03598117907556048
"Деятельность в области архитектуры, инженерных изысканий и предоставление технических консультаций в этих областях",71.1,2022.0,0.05438144329896907
"Деятельность в области архитектуры, инженерных изысканий и предоставление технических консультаций в этих областях",71.1,2023.0,0.03990442054958184
"Деятельность в области архитектуры, инженерных изысканий и предоставление технических консультаций в этих областях",71.1,2024.0,0.03187772925764192
Деятельность в области архитектуры,71.11,2021.0,0.027916251246261216
Деятельность в области архитектуры,71.11,2022.0,0.04970178926441352
Деятельность в области архитектуры,71.11,2023.0,0.03140333660451423
Деятельность в области архитектуры,71.11,2024.0,0.022244691607684528
"Деятельность в области архитектуры, связанная с созданием архитектурного объекта",71.11.1,2021.0,0.024390243902439025
"Деятельность в области архитектуры, связанная с созданием архитектурного объекта",71.11.1,2022.0,0.05217391304347826
"Деятельность в области архитектуры, связанная с созданием архитектурного объекта",71.11.1,2023.0,0.03025936599423631
"Деятельность в области архитектуры, связанная с созданием архитектурного объекта",71.11.1,2024.0,0.018461538461538463
Деятельность по территориальному планированию и планировке территории,71.11.2,2021.0,0.07407407407407407
Деятельность по территориальному планированию и планировке территории,71.11.2,2022.0,0.05263157894736842
Деятельность по территориальному планированию и планировке территории,71.11.2,2023.0,0.06666666666666667
Деятельность по территориальному планированию и планировке территории,71.11.2,2024.0,0.02857142857142857
Деятельность в области ландшафтной архитектуры и консультативные услуги в области архитектуры,71.11.3,2021.0,
Деятельность в области ландшафтной архитектуры и консультативные услуги в области архитектуры,71.11.3,2022.0,0.1
Деятельность в области ландшафтной архитектуры и консультативные услуги в области архитектуры,71.11.3,2023.0,0.2857142857142857
Деятельность в области ландшафтной архитектуры и консультативные услуги в области архитектуры,71.11.3,2024.0,
"Деятельность в области инженерных изысканий, инженерно-технического проектирования, управления проектами строительства, выполнения строительного контроля и авторского надзора, предоставление технических консультаций в этих областях",71.12,2021.0,0.03908045977011494
"Деятельность в области инженерных изысканий, инженерно-технического проектирования, управления проектами строительства, выполнения строительного контроля и авторского надзора, предоставление технических консультаций в этих областях",71.12,2022.0,0.05601948503827418
"Деятельность в области инженерных изысканий, инженерно-технического проектирования, управления проектами строительства, выполнения строительного контроля и авторского надзора, предоставление технических консультаций в этих областях",71.12,2023.0,0.04264055590650663
"Деятельность в области инженерных изысканий, инженерно-технического проектирования, управления проектами строительства, выполнения строительного контроля и авторского надзора, предоставление технических консультаций в этих областях",71.12,2024.0,0.034530771372876634
"Деятельность, связанная с инженерно-техническим проектированием, управлением проектами строительства, выполнением строительного контроля и авторского надзора",71.12.1,2021.0,0.028037383177570093
"Деятельность, связанная с инженерно-техническим проектированием, управлением проектами строительства, выполнением строительного контроля и авторского надзора",71.12.1,2022.0,0.07860262008733625
"Деятельность, связанная с инженерно-техническим проектированием, управлением проектами строительства, выполнением строительного контроля и авторского надзора",71.12.1,2023.0,0.025500910746812388
"Деятельность, связанная с инженерно-техническим проектированием, управлением проектами строительства, выполнением строительного контроля и авторского надзора",71.12.1,2024.0,0.026936026936026935
"Разработка проектов тепло-, водо-, газоснабжения",71.12.11,2021.0,0.013513513513513514
"Разработка проектов тепло-, водо-, газоснабжения",71.12.11,2022.0,0.011764705882352941
"Разработка проектов тепло-, водо-, газоснабжения",71.12.11,2023.0,0.024096385542168676
"Разработка проектов тепло-, водо-, газоснабжения",71.12.11,2024.0,0.04
"Разработка проектов промышленных процессов и производств, относящихся к электротехнике, электронной технике, горному делу, химической технологии, машиностроению, а также в области промышленного строительства, системотехники и техники безопасности",71.12.12,2021.0,0.034482758620689655
"Разработка проектов промышленных процессов и производств, относящихся к электротехнике, электронной технике, горному делу, химической технологии, машиностроению, а также в области промышленного строительства, системотехники и техники безопасности",71.12.12,2022.0,0.0673758865248227
"Разработка проектов промышленных процессов и производств, относящихся к электротехнике, электронной технике, горному делу, химической технологии, машиностроению, а также в области промышленного строительства, системотехники и техники безопасности",71.12.12,2023.0,0.03214285714285714
"Разработка проектов промышленных процессов и производств, относящихся к электротехнике, электронной технике, горному делу, химической технологии, машиностроению, а также в области промышленного строительства, системотехники и техники безопасности",71.12.12,2024.0,0.034722222222222224
"Разработка проектов по кондиционированию воздуха, холодильной технике, санитарной технике и мониторингу загрязнения окружающей среды, строительной акустике",71.12.13,2021.0,
"Разработка проектов по кондиционированию воздуха, холодильной технике, санитарной технике и мониторингу загрязнения окружающей среды, строительной акустике",71.12.13,2022.0,
"Разработка проектов по кондиционированию воздуха, холодильной технике, санитарной технике и мониторингу загрязнения окружающей среды, строительной акустике",71.12.13,2023.0,
"Разработка проектов по кондиционированию воздуха, холодильной технике, санитарной технике и мониторингу загрязнения окружающей среды, строительной акустике",71.12.13,2024.0,
Разработка инженерно-технических проектов и контроль при строительстве и модернизации объектов использования атомной энергии,71.12.14,2021.0,
Разработка инженерно-технических проектов и контроль при строительстве и модернизации объектов использования атомной энергии,71.12.14,2022.0,0.6818181818181818
Разработка инженерно-технических проектов и контроль при строительстве и модернизации объектов использования атомной энергии,71.12.14,2023.0,
Разработка инженерно-технических проектов и контроль при строительстве и модернизации объектов использования атомной энергии,71.12.14,2024.0,
Инженерные изыскания в строительстве,71.12.15,2022.0,
Инженерные изыскания в строительстве,71.12.15,2023.0,0.02197802197802198
Инженерные изыскания в строительстве,71.12.15,2024.0,0.008695652173913044
"Деятельность заказчика-застройщика, генерального подрядчика",71.12.2,2021.0,0.02748414376321353
"Деятельность заказчика-застройщика, генерального подрядчика",71.12.2,2022.0,0.03442879499217527
"Деятельность заказчика-застройщика, генерального подрядчика",71.12.2,2023.0,0.031331592689295036
"Деятельность заказчика-застройщика, генерального подрядчика",71.12.2,2024.0,0.019861830742659757
"Работы геолого-разведочные, геофизические и геохимические в области изучения недр и воспроизводства минерально-сырьевой базы",71.12.3,2021.0,0.0639269406392694
"Работы геолого-разведочные, геофизические и геохимические в области изучения недр и воспроизводства минерально-сырьевой базы",71.12.3,2022.0,0.07125890736342043
"Работы геолого-разведочные, геофизические и геохимические в области изучения недр и воспроизводства минерально-сырьевой базы",71.12.3,2023.0,0.0635593220338983
"Работы геолого-разведочные, геофизические и геохимические в области изучения недр и воспроизводства минерально-сырьевой базы",71.12.3,2024.0,0.07326732673267326
Деятельность геодезическая и картографическая,71.12.4,2021.0,0.018726591760299626
Деятельность геодезическая и картографическая,71.12.4,2022.0,0.032388663967611336
Деятельность геодезическая и картографическая,71.12.4,2023.0,0.055944055944055944
Деятельность геодезическая и картографическая,71.12.4,2024.0,0.03508771929824561
"Деятельность геодезическая, кроме создания геодезической, нивелирной и гравиметрической сетей",71.12.41,2021.0,0.017543859649122806
"Деятельность геодезическая, кроме создания геодезической, нивелирной и гравиметрической сетей",71.12.41,2022.0,0.012658227848101266
"Деятельность геодезическая, кроме создания геодезической, нивелирной и гравиметрической сетей",71.12.41,2023.0,0.018518518518518517
"Деятельность геодезическая, кроме создания геодезической, нивелирной и гравиметрической сетей",71.12.41,2024.0,0.029411764705882353
"Деятельность картографическая, кроме создания топографических карт и планов",71.12.42,2021.0,
"Деятельность картографическая, кроме создания топографических карт и планов",71.12.42,2022.0,
"Деятельность картографическая, кроме создания топографических карт и планов",71.12.42,2023.0,
"Деятельность картографическая, кроме создания топографических карт и планов",71.12.42,2024.0,
Деятельность гидрографическая изыскательская,71.12.43,2021.0,
Деятельность гидрографическая изыскательская,71.12.43,2022.0,
Деятельность гидрографическая изыскательская,71.12.43,2023.0,
Деятельность гидрографическая изыскательская,71.12.43,2024.0,0.3333333333333333
Деятельность по созданию топографических карт и планов,71.12.44,2021.0,
Деятельность по созданию топографических карт и планов,71.12.44,2022.0,
Деятельность по созданию топографических карт и планов,71.12.44,2023.0,
Деятельность по созданию топографических карт и планов,71.12.44,2024.0,
"Создание геодезической, нивелирной, гравиметрической сетей",71.12.45,2021.0,0.023809523809523808
"Создание геодезической, нивелирной, гравиметрической сетей",71.12.45,2022.0,0.04861111111111111
"Создание геодезической, нивелирной, гравиметрической сетей",71.12.45,2023.0,0.0958904109589041
"Создание геодезической, нивелирной, гравиметрической сетей",71.12.45,2024.0,0.018518518518518517
"Деятельность в области гидрометеорологии и смежных с ней областях, мониторинга состояния окружающей среды, ее загрязнения",71.12.5,2021.0,0.0391644908616188
"Деятельность в области гидрометеорологии и смежных с ней областях, мониторинга состояния окружающей среды, ее загрязнения",71.12.5,2022.0,0.0472636815920398
"Деятельность в области гидрометеорологии и смежных с ней областях, мониторинга состояния окружающей среды, ее загрязнения",71.12.5,2023.0,0.03759398496240601
"Деятельность в области гидрометеорологии и смежных с ней областях, мониторинга состояния окружающей среды, ее загрязнения",71.12.5,2024.0,0.03076923076923077
Деятельность наблюдательной гидрометеорологической сети,71.12.51,2021.0,
Деятельность наблюдательной гидрометеорологической сети,71.12.51,2022.0,
Деятельность наблюдательной гидрометеорологической сети,71.12.51,2023.0,
Деятельность наблюдательной гидрометеорологической сети,71.12.51,2024.0,
Деятельность по мониторингу загрязнения окружающей среды для физических и юридических лиц,71.12.53,2021.0,0.047619047619047616
Деятельность по мониторингу загрязнения окружающей среды для физических и юридических лиц,71.12.53,2022.0,0.06504065040650407
Деятельность по мониторингу загрязнения окружающей среды для физических и юридических лиц,71.12.53,2023.0,0.06923076923076923
Деятельность по мониторингу загрязнения окружающей среды для физических и юридических лиц,71.12.53,2024.0,0.03125
"Работы полевые и изыскания в области гидрометеорологии и смежных с ней областях, экспедиционные обследования объектов окружающей среды с целью оценки уровней загрязнения",71.12.54,2021.0,
"Работы полевые и изыскания в области гидрометеорологии и смежных с ней областях, экспедиционные обследования объектов окружающей среды с целью оценки уровней загрязнения",71.12.54,2022.0,0.07692307692307693
"Работы полевые и изыскания в области гидрометеорологии и смежных с ней областях, экспедиционные обследования объектов окружающей среды с целью оценки уровней загрязнения",71.12.54,2023.0,
"Работы полевые и изыскания в области гидрометеорологии и смежных с ней областях, экспедиционные обследования объектов окружающей среды с целью оценки уровней загрязнения",71.12.54,2024.0,
Деятельность по обработке и предоставлению гидрометеорологической информации органам государственной власти и населению,71.12.55,2021.0,0.13636363636363635
Деятельность по обработке и предоставлению гидрометеорологической информации органам государственной власти и населению,71.12.55,2022.0,0.08695652173913043
Деятельность по обработке и предоставлению гидрометеорологической информации органам государственной власти и населению,71.12.55,2023.0,
Деятельность по обработке и предоставлению гидрометеорологической информации органам государственной власти и населению,71.12.55,2024.0,
Обеспечение гидрометеорологическое деятельности физических и юридических лиц,71.12.56,2021.0,
Обеспечение гидрометеорологическое деятельности физических и юридических лиц,71.12.56,2022.0,
Обеспечение гидрометеорологическое деятельности физических и юридических лиц,71.12.56,2023.0,
Обеспечение гидрометеорологическое деятельности физических и юридических лиц,71.12.56,2024.0,
"Деятельность, связанная с активными воздействиями на метеорологические и геофизические процессы и явления",71.12.57,2021.0,
"Деятельность, связанная с активными воздействиями на метеорологические и геофизические процессы и явления",71.12.57,2022.0,0.14285714285714285
"Деятельность, связанная с активными воздействиями на метеорологические и геофизические процессы и явления",71.12.57,2023.0,
"Деятельность, связанная с активными воздействиями на метеорологические и геофизические процессы и явления",71.12.57,2024.0,0.2
"Деятельность в области технического регулирования, стандартизации, метрологии, аккредитации, каталогизации продукции",71.12.6,2021.0,0.01694915254237288
"Деятельность в области технического регулирования, стандартизации, метрологии, аккредитации, каталогизации продукции",71.12.6,2022.0,0.046357615894039736
"Деятельность в области технического регулирования, стандартизации, метрологии, аккредитации, каталогизации продукции",71.12.6,2023.0,0.026415094339622643
"Деятельность в области технического регулирования, стандартизации, метрологии, аккредитации, каталогизации продукции",71.12.6,2024.0,0.03214285714285714
Деятельность в области технического регулирования и стандартизации,71.12.61,2021.0,
Деятельность в области технического регулирования и стандартизации,71.12.61,2022.0,0.017857142857142856
Деятельность в области технического регулирования и стандартизации,71.12.61,2023.0,
Деятельность в области технического регулирования и стандартизации,71.12.61,2024.0,
Деятельность в области метрологии,71.12.62,2021.0,0.009708737864077669
Деятельность в области метрологии,71.12.62,2022.0,0.045871559633027525
Деятельность в области метрологии,71.12.62,2023.0,0.04081632653061224
Деятельность в области метрологии,71.12.62,2024.0,0.03260869565217391
Деятельность в области аккредитации,71.12.63,2021.0,
Деятельность в области аккредитации,71.12.63,2022.0,0.26666666666666666
Деятельность в области аккредитации,71.12.63,2023.0,
Деятельность в области аккредитации,71.12.63,2024.0,0.07142857142857142
Государственный контроль (надзор) за соблюдением требований технических регламентов,71.12.64,2021.0,0.06
Государственный контроль (надзор) за соблюдением требований технических регламентов,71.12.64,2022.0,0.058823529411764705
Государственный контроль (надзор) за соблюдением требований технических регламентов,71.12.64,2023.0,0.05128205128205128
Государственный контроль (надзор) за соблюдением требований технических регламентов,71.12.64,2024.0,0.0975609756097561
Кадастровая деятельность,71.12.7,2021.0,0.01818181818181818
Кадастровая деятельность,71.12.7,2022.0,0.14655172413793102
Кадастровая деятельность,71.12.7,2023.0,0.11440677966101695
Кадастровая деятельность,71.12.7,2024.0,0.046632124352331605
Деятельность по предоставлению инженерно-технических консультаций в сфере энергосбережения и повышения энергетической эффективности использования энергетических ресурсов,71.12.8,2021.0,
Деятельность по предоставлению инженерно-технических консультаций в сфере энергосбережения и повышения энергетической эффективности использования энергетических ресурсов,71.12.8,2022.0,
Деятельность по предоставлению инженерно-технических консультаций в сфере энергосбережения и повышения энергетической эффективности использования энергетических ресурсов,71.12.8,2023.0,0.1
Деятельность по предоставлению инженерно-технических консультаций в сфере энергосбережения и повышения энергетической эффективности использования энергетических ресурсов,71.12.8,2024.0,
Землеустройство,71.12.9,2022.0,0.037037037037037035
Землеустройство,71.12.9,2023.0,0.02631578947368421
Землеустройство,71.12.9,2024.0,0.03125
"Технические испытания, исследования, анализ и сертификация",71.20,2021.0,0.015558698727015558
"Технические испытания, исследования, анализ и сертификация",71.20,2022.0,0.028086218158066622
"Технические испытания, исследования, анализ и сертификация",71.20,2023.0,0.02527743526510481
"Технические испытания, исследования, анализ и сертификация",71.20,2024.0,0.021109770808202654
"Испытания и анализ состава и чистоты материалов и веществ: анализ химических и биологических свойств материалов и веществ; испытания и анализ в области гигиены питания, включая ветеринарный контроль и контроль за производством продуктов питания",71.20.1,2021.0,0.008264462809917356
"Испытания и анализ состава и чистоты материалов и веществ: анализ химических и биологических свойств материалов и веществ; испытания и анализ в области гигиены питания, включая ветеринарный контроль и контроль за производством продуктов питания",71.20.1,2022.0,0.051470588235294115
"Испытания и анализ состава и чистоты материалов и веществ: анализ химических и биологических свойств материалов и веществ; испытания и анализ в области гигиены питания, включая ветеринарный контроль и контроль за производством продуктов питания",71.20.1,2023.0,0.088
"Испытания и анализ состава и чистоты материалов и веществ: анализ химических и биологических свойств материалов и веществ; испытания и анализ в области гигиены питания, включая ветеринарный контроль и контроль за производством продуктов питания",71.20.1,2024.0,0.0234375
Судебно-экспертная деятельность,71.20.2,2021.0,0.03431372549019608
Судебно-экспертная деятельность,71.20.2,2022.0,0.0353356890459364
Судебно-экспертная деятельность,71.20.2,2023.0,0.019553072625698324
Судебно-экспертная деятельность,71.20.2,2024.0,0.01694915254237288
Испытания и анализ физико-механических свойств материалов и веществ,71.20.3,2021.0,0.03571428571428571
Испытания и анализ физико-механических свойств материалов и веществ,71.20.3,2022.0,
Испытания и анализ физико-механических свойств материалов и веществ,71.20.3,2023.0,0.06666666666666667
Испытания и анализ физико-механических свойств материалов и веществ,71.20.3,2024.0,0.12903225806451613
"Испытания, исследования и анализ целостных механических и электрических систем, энергетическое обследование",71.20.4,2021.0,
"Испытания, исследования и анализ целостных механических и электрических систем, энергетическое обследование",71.20.4,2022.0,0.045454545454545456
"Испытания, исследования и анализ целостных механических и электрических систем, энергетическое обследование",71.20.4,2023.0,0.0625
"Испытания, исследования и анализ целостных механических и электрических систем, энергетическое обследование",71.20.4,2024.0,0.1
Технический осмотр автотранспортных средств,71.20.5,2021.0,
Технический осмотр автотранспортных средств,71.20.5,2022.0,0.08
Технический осмотр автотранспортных средств,71.20.5,2023.0,0.10526315789473684
Технический осмотр автотранспортных средств,71.20.5,2024.0,0.0625
"Экспертиза проектной документации, запасов полезных ископаемых и подземных вод, геологической информации о предоставляемых в пользование участках недр, результатов инженерных изысканий",71.20.6,2021.0,
"Экспертиза проектной документации, запасов полезных ископаемых и подземных вод, геологической информации о предоставляемых в пользование участках недр, результатов инженерных изысканий",71.20.6,2022.0,
"Экспертиза проектной документации, запасов полезных ископаемых и подземных вод, геологической информации о предоставляемых в пользование участках недр, результатов инженерных изысканий",71.20.6,2023.0,0.0297029702970297
"Экспертиза проектной документации, запасов полезных ископаемых и подземных вод, геологической информации о предоставляемых в пользование участках недр, результатов инженерных изысканий",71.20.6,2024.0,0.037037037037037035
"Экспертиза проектной документации, запасов полезных ископаемых и подземных вод, геологической информации о предоставляемых в пользование участках недр, результатов инженерных изысканий государственная",71.20.61,2021.0,
"Экспертиза проектной документации, запасов полезных ископаемых и подземных вод, геологической информации о предоставляемых в пользование участках недр, результатов инженерных изысканий государственная",71.20.61,2022.0,
"Экспертиза проектной документации, запасов полезных ископаемых и подземных вод, геологической информации о предоставляемых в пользование участках недр, результатов инженерных изысканий государственная",71.20.61,2023.0,0.04054054054054054
"Экспертиза проектной документации, запасов полезных ископаемых и подземных вод, геологической информации о предоставляемых в пользование участках недр, результатов инженерных изысканий государственная",71.20.61,2024.0,0.02564102564102564
Экспертиза проектной документации и результатов инженерных изысканий негосударственная,71.20.62,2021.0,
Экспертиза проектной документации и результатов инженерных изысканий негосударственная,71.20.62,2022.0,
Экспертиза проектной документации и результатов инженерных изысканий негосударственная,71.20.62,2023.0,
Экспертиза проектной документации и результатов инженерных изысканий негосударственная,71.20.62,2024.0,0.13333333333333333
Деятельность по оценке условий труда,71.20.7,2021.0,
Деятельность по оценке условий труда,71.20.7,2022.0,
Деятельность по оценке условий труда,71.20.7,2023.0,
Деятельность по оценке условий труда,71.20.7,2024.0,
"Сертификация продукции, услуг и организаций",71.20.8,2021.0,0.028089887640449437
"Сертификация продукции, услуг и организаций",71.20.8,2022.0,0.035175879396984924
"Сертификация продукции, услуг и организаций",71.20.8,2023.0,0.009615384615384616
"Сертификация продукции, услуг и организаций",71.20.8,2024.0,0.00510204081632653
"Деятельность по техническому контролю, испытаниям и анализу прочая",71.20.9,2021.0,0.008960573476702509
"Деятельность по техническому контролю, испытаниям и анализу прочая",71.20.9,2022.0,0.017452006980802792
"Деятельность по техническому контролю, испытаниям и анализу прочая",71.20.9,2023.0,0.013377926421404682
"Деятельность по техническому контролю, испытаниям и анализу прочая",71.20.9,2024.0,0.015437392795883362
Научные исследования и разработки,72,2021.0,0.057532424343199204
Научные исследования и разработки,72,2022.0,0.08563985672419408
Научные исследования и разработки,72,2023.0,0.062557781201849
Научные исследования и разработки,72,2024.0,0.061351511558980436
Научные исследования и разработки в области естественных и технических наук,72.1,2021.0,0.06045437042741625
Научные исследования и разработки в области естественных и технических наук,72.1,2022.0,0.08314522197140707
Научные исследования и разработки в области естественных и технических наук,72.1,2023.0,0.06590992310508971
Научные исследования и разработки в области естественных и технических наук,72.1,2024.0,0.06325947105075054
Научные исследования и разработки в области биотехнологии,72.11,2021.0,0.05
Научные исследования и разработки в области биотехнологии,72.11,2022.0,0.05263157894736842
Научные исследования и разработки в области биотехнологии,72.11,2023.0,0.021739130434782608
Научные исследования и разработки в области биотехнологии,72.11,2024.0,0.03508771929824561
Научные исследования и разработки в области естественных и технических наук прочие,72.19,2021.0,0.06061791161517403
Научные исследования и разработки в области естественных и технических наук прочие,72.19,2022.0,0.08358778625954198
Научные исследования и разработки в области естественных и технических наук прочие,72.19,2023.0,0.06666666666666667
Научные исследования и разработки в области естественных и технических наук прочие,72.19,2024.0,0.06384531192995258
"Научные исследования и разработки в области естественных и технических наук прочие, не включенные в другие группировки",72.19.9,2023.0,
"Научные исследования и разработки в области естественных и технических наук прочие, не включенные в другие группировки",72.19.9,2024.0,
Научные исследования и разработки в области общественных и гуманитарных наук,72.20,2021.0,0.03902439024390244
Научные исследования и разработки в области общественных и гуманитарных наук,72.20,2022.0,0.1016949152542373
Научные исследования и разработки в области общественных и гуманитарных наук,72.20,2023.0,0.04474708171206226
Научные исследования и разработки в области общественных и гуманитарных наук,72.20,2024.0,0.052083333333333336
Научные исследования и разработки в области общественных наук,72.20.1,2021.0,0.025
Научные исследования и разработки в области общественных наук,72.20.1,2022.0,0.08547008547008547
Научные исследования и разработки в области общественных наук,72.20.1,2023.0,0.03888888888888889
Научные исследования и разработки в области общественных наук,72.20.1,2024.0,0.041666666666666664
Проведение исследований в области социально-экономической географии,72.20.11,2022.0,
Проведение исследований в области социально-экономической географии,72.20.11,2023.0,
Проведение исследований в области социально-экономической географии,72.20.11,2024.0,
Научные исследования и разработки в области общественных наук прочие,72.20.19,2021.0,
Научные исследования и разработки в области общественных наук прочие,72.20.19,2022.0,0.08333333333333333
Научные исследования и разработки в области общественных наук прочие,72.20.19,2023.0,
Научные исследования и разработки в области общественных наук прочие,72.20.19,2024.0,0.047619047619047616
Научные исследования и разработки в области гуманитарных наук,72.20.2,2021.0,
Научные исследования и разработки в области гуманитарных наук,72.20.2,2022.0,0.0967741935483871
Научные исследования и разработки в области гуманитарных наук,72.20.2,2023.0,0.047058823529411764
Научные исследования и разработки в области гуманитарных наук,72.20.2,2024.0,0.07142857142857142
Деятельность рекламная и исследование конъюнктуры рынка,73,2021.0,0.03513664249860569
Деятельность рекламная и исследование конъюнктуры рынка,73,2022.0,0.044307692307692305
Деятельность рекламная и исследование конъюнктуры рынка,73,2023.0,0.033489618218352314
Деятельность рекламная и исследование конъюнктуры рынка,73,2024.0,0.042172523961661344
Деятельность рекламная,73.1,2021.0,0.02612330198537095
Деятельность рекламная,73.1,2022.0,0.047619047619047616
Деятельность рекламная,73.1,2023.0,0.045272969374167776
Деятельность рекламная,73.1,2024.0,0.04744069912609238
Деятельность рекламных агентств,73.11,2021.0,0.026511134676564158
Деятельность рекламных агентств,73.11,2022.0,0.04744958481613286
Деятельность рекламных агентств,73.11,2023.0,0.04341926729986431
Деятельность рекламных агентств,73.11,2024.0,0.047435897435897434
Представление в средствах массовой информации,73.12,2021.0,
Представление в средствах массовой информации,73.12,2022.0,0.05555555555555555
Представление в средствах массовой информации,73.12,2023.0,0.14285714285714285
Представление в средствах массовой информации,73.12,2024.0,0.047619047619047616
Исследование конъюнктуры рынка и изучение общественного мнения,73.20,2021.0,0.045454545454545456
Исследование конъюнктуры рынка и изучение общественного мнения,73.20,2022.0,0.04057591623036649
Исследование конъюнктуры рынка и изучение общественного мнения,73.20,2023.0,0.0215633423180593
Исследование конъюнктуры рынка и изучение общественного мнения,73.20,2024.0,0.03664921465968586
Исследование конъюнктуры рынка,73.20.1,2021.0,0.05357142857142857
Исследование конъюнктуры рынка,73.20.1,2022.0,0.030249110320284697
Исследование конъюнктуры рынка,73.20.1,2023.0,0.01730769230769231
Исследование конъюнктуры рынка,73.20.1,2024.0,0.03888888888888889
Деятельность по изучению общественного мнения,73.20.2,2021.0,0.023529411764705882
Деятельность по изучению общественного мнения,73.20.2,2022.0,0.07777777777777778
Деятельность по изучению общественного мнения,73.20.2,2023.0,0.05154639175257732
Деятельность по изучению общественного мнения,73.20.2,2024.0,0.038461538461538464
Деятельность профессиональная научная и техническая прочая,74,2021.0,0.03167420814479638
Деятельность профессиональная научная и техническая прочая,74,2022.0,0.04979253112033195
Деятельность профессиональная научная и техническая прочая,74,2023.0,0.02413793103448276
Деятельность профессиональная научная и техническая прочая,74,2024.0,0.03164556962025317
Деятельность специализированная в области дизайна,74.10,2021.0,0.06666666666666667
Деятельность специализированная в области дизайна,74.10,2022.0,0.07142857142857142
Деятельность специализированная в области дизайна,74.10,2023.0,
Деятельность специализированная в области дизайна,74.10,2024.0,
Деятельность в области фотографии,74.20,2021.0,0.07692307692307693
Деятельность в области фотографии,74.20,2022.0,0.1111111111111111
Деятельность в области фотографии,74.20,2023.0,0.08333333333333333
Деятельность в области фотографии,74.20,2024.0,
Деятельность по письменному и устному переводу,74.30,2021.0,0.07142857142857142
Деятельность по письменному и устному переводу,74.30,2022.0,
Деятельность по письменному и устному переводу,74.30,2023.0,0.125
Деятельность по письменному и устному переводу,74.30,2024.0,0.1111111111111111
"Деятельность профессиональная, научная и техническая прочая, не включенная в другие группировки",74.90,2021.0,0.0223463687150838
"Деятельность профессиональная, научная и техническая прочая, не включенная в другие группировки",74.90,2022.0,0.04739336492890995
"Деятельность профессиональная, научная и техническая прочая, не включенная в другие группировки",74.90,2023.0,0.01968503937007874
"Деятельность профессиональная, научная и техническая прочая, не включенная в другие группировки",74.90,2024.0,0.031914893617021274
Деятельность иная в области защиты информации,74.90.09.АГ,2021.0,
Деятельность иная в области защиты информации,74.90.09.АГ,2022.0,
Деятельность иная в области защиты информации,74.90.09.АГ,2023.0,
Деятельность иная в области защиты информации,74.90.09.АГ,2024.0,0.03571428571428571
"Предоставление посреднических услуг по организации покупки и продажи мелких или средних коммерческих предприятий, включая профессиональную практику",74.90.1,2021.0,
"Предоставление посреднических услуг по организации покупки и продажи мелких или средних коммерческих предприятий, включая профессиональную практику",74.90.1,2022.0,
"Предоставление посреднических услуг по организации покупки и продажи мелких или средних коммерческих предприятий, включая профессиональную практику",74.90.1,2023.0,
"Предоставление посреднических услуг по организации покупки и продажи мелких или средних коммерческих предприятий, включая профессиональную практику",74.90.1,2024.0,
"Деятельность, направленная на установление рыночной или иной стоимости (оценочная деятельность), кроме оценки, связанной с недвижимым имуществом или страхованием",74.90.2,2021.0,
"Деятельность, направленная на установление рыночной или иной стоимости (оценочная деятельность), кроме оценки, связанной с недвижимым имуществом или страхованием",74.90.2,2022.0,0.047619047619047616
"Деятельность, направленная на установление рыночной или иной стоимости (оценочная деятельность), кроме оценки, связанной с недвижимым имуществом или страхованием",74.90.2,2023.0,
"Деятельность, направленная на установление рыночной или иной стоимости (оценочная деятельность), кроме оценки, связанной с недвижимым имуществом или страхованием",74.90.2,2024.0,
"Деятельность, направленная на установление рыночной или иной стоимости отдельных материальных объектов (вещей)",74.90.21,2021.0,
"Деятельность, направленная на установление рыночной или иной стоимости отдельных материальных объектов (вещей)",74.90.21,2022.0,
"Деятельность, направленная на установление рыночной или иной стоимости отдельных материальных объектов (вещей)",74.90.21,2023.0,
"Деятельность, направленная на установление рыночной или иной стоимости отдельных материальных объектов (вещей)",74.90.21,2024.0,
"Деятельность, направленная на установление рыночной или иной стоимости совокупности вещей, составляющих имущество лица, в том числе имущество определенного вида (движимое или недвижимое, в том числе предприятия)",74.90.22,2021.0,
"Деятельность, направленная на установление рыночной или иной стоимости совокупности вещей, составляющих имущество лица, в том числе имущество определенного вида (движимое или недвижимое, в том числе предприятия)",74.90.22,2022.0,0.09090909090909091
"Деятельность, направленная на установление рыночной или иной стоимости совокупности вещей, составляющих имущество лица, в том числе имущество определенного вида (движимое или недвижимое, в том числе предприятия)",74.90.22,2023.0,
"Деятельность, направленная на установление рыночной или иной стоимости совокупности вещей, составляющих имущество лица, в том числе имущество определенного вида (движимое или недвижимое, в том числе предприятия)",74.90.22,2024.0,
"Деятельность, направленная на установление рыночной или иной стоимости права собственности или иных вещных прав на имущество или отдельные вещи из состава имущества",74.90.23,2021.0,
"Деятельность, направленная на установление рыночной или иной стоимости права собственности или иных вещных прав на имущество или отдельные вещи из состава имущества",74.90.23,2023.0,
"Деятельность, направленная на установление рыночной или иной стоимости прав требования, обязательств (долгов)",74.90.24,2021.0,
"Деятельность, направленная на установление рыночной или иной стоимости прав требования, обязательств (долгов)",74.90.24,2022.0,
"Деятельность, направленная на установление рыночной или иной стоимости прав требования, обязательств (долгов)",74.90.24,2023.0,
"Деятельность, направленная на установление рыночной или иной стоимости прав требования, обязательств (долгов)",74.90.24,2024.0,
"Деятельность, направленная на установление рыночной или иной стоимости работ, услуг, информации",74.90.25,2021.0,
"Деятельность, направленная на установление рыночной или иной стоимости работ, услуг, информации",74.90.25,2022.0,
"Деятельность, направленная на установление рыночной или иной стоимости работ, услуг, информации",74.90.25,2023.0,
"Деятельность, направленная на установление рыночной или иной стоимости работ, услуг, информации",74.90.25,2024.0,
"Деятельность, направленная на установление рыночной или иной стоимости иных объектов гражданских прав, в отношении которых законодательством Российской Федерации установлена возможность их участия в гражданском обороте",74.90.26,2022.0,
"Деятельность, направленная на установление рыночной или иной стоимости иных объектов гражданских прав, в отношении которых законодательством Российской Федерации установлена возможность их участия в гражданском обороте",74.90.26,2023.0,
"Деятельность, направленная на установление рыночной или иной стоимости иных объектов гражданских прав, в отношении которых законодательством Российской Федерации установлена возможность их участия в гражданском обороте",74.90.26,2024.0,
Предоставление консультационных услуг по вопросам безопасности,74.90.3,2021.0,
Предоставление консультационных услуг по вопросам безопасности,74.90.3,2022.0,
Предоставление консультационных услуг по вопросам безопасности,74.90.3,2023.0,0.034482758620689655
Предоставление консультационных услуг по вопросам безопасности,74.90.3,2024.0,
Предоставление услуг по проведению оценки уязвимости объектов транспортной инфраструктуры и транспортных средств,74.90.31,2021.0,
Предоставление услуг по проведению оценки уязвимости объектов транспортной инфраструктуры и транспортных средств,74.90.31,2022.0,
Предоставление услуг по проведению оценки уязвимости объектов транспортной инфраструктуры и транспортных средств,74.90.31,2023.0,0.07692307692307693
Предоставление услуг по проведению оценки уязвимости объектов транспортной инфраструктуры и транспортных средств,74.90.31,2024.0,
"Предоставление услуг по проведению оценки уязвимости объектов промышленного назначения, связи, здравоохранения и т. д.",74.90.32,2021.0,
"Предоставление услуг по проведению оценки уязвимости объектов промышленного назначения, связи, здравоохранения и т. д.",74.90.32,2022.0,
"Предоставление услуг по проведению оценки уязвимости объектов промышленного назначения, связи, здравоохранения и т. д.",74.90.32,2023.0,
"Предоставление услуг по проведению оценки уязвимости объектов промышленного назначения, связи, здравоохранения и т. д.",74.90.32,2024.0,
Предоставление консультационных услуг в области сельского хозяйства,74.90.4,2021.0,
Предоставление консультационных услуг в области сельского хозяйства,74.90.4,2022.0,0.03333333333333333
Предоставление консультационных услуг в области сельского хозяйства,74.90.4,2023.0,
Предоставление консультационных услуг в области сельского хозяйства,74.90.4,2024.0,0.05714285714285714
Предоставление консультационных услуг в области экологии,74.90.5,2021.0,0.041666666666666664
Предоставление консультационных услуг в области экологии,74.90.5,2022.0,0.07692307692307693
Предоставление консультационных услуг в области экологии,74.90.5,2023.0,
Предоставление консультационных услуг в области экологии,74.90.5,2024.0,0.018867924528301886
"Предоставление прочих технических консультаций, деятельность консультантов, кроме архитекторов, проектировщиков и консультантов по управлению",74.90.6,2021.0,
"Предоставление прочих технических консультаций, деятельность консультантов, кроме архитекторов, проектировщиков и консультантов по управлению",74.90.6,2022.0,0.06666666666666667
"Предоставление прочих технических консультаций, деятельность консультантов, кроме архитекторов, проектировщиков и консультантов по управлению",74.90.6,2023.0,0.02857142857142857
"Предоставление прочих технических консультаций, деятельность консультантов, кроме архитекторов, проектировщиков и консультантов по управлению",74.90.6,2024.0,0.024390243902439025
"Деятельность агентств и агентов, действующих от имени физических лиц, и обычно связанную с заключением контрактов (договоров) на участие в кинофильмах, театральных постановках и других развлекательных или спортивных мероприятиях, а также с предложением книг, пьес, предметов изобразительного искусства, фотографий и аналогичных предметов издателям, продюсерам",74.90.8,2021.0,
"Деятельность агентств и агентов, действующих от имени физических лиц, и обычно связанную с заключением контрактов (договоров) на участие в кинофильмах, театральных постановках и других развлекательных или спортивных мероприятиях, а также с предложением книг, пьес, предметов изобразительного искусства, фотографий и аналогичных предметов издателям, продюсерам",74.90.8,2022.0,
"Деятельность агентств и агентов, действующих от имени физических лиц, и обычно связанную с заключением контрактов (договоров) на участие в кинофильмах, театральных постановках и других развлекательных или спортивных мероприятиях, а также с предложением книг, пьес, предметов изобразительного искусства, фотографий и аналогичных предметов издателям, продюсерам",74.90.8,2024.0,1.0
Деятельность в области защиты информации,74.90.9,2021.0,
Деятельность в области защиты информации,74.90.9,2022.0,
Деятельность в области защиты информации и обеспечения безопасности критической информационной инфраструктуры,74.90.9,2023.0,
Деятельность в области защиты информации и обеспечения безопасности критической информационной инфраструктуры,74.90.9,2024.0,0.045454545454545456
"Деятельность по разработке информационных и телекоммуникационных систем, защищенных с использованием средств защиты информации",74.90.92,2021.0,
"Деятельность по разработке информационных и телекоммуникационных систем, защищенных с использованием средств защиты информации",74.90.92,2022.0,
Деятельность ветеринарная,75.00,2021.0,0.028160200250312892
Деятельность ветеринарная,75.00,2022.0,0.05345501955671447
Деятельность ветеринарная,75.00,2023.0,0.023872679045092837
Деятельность ветеринарная,75.00,2024.0,0.02925531914893617
Деятельность ветеринарная для сельскохозяйственных животных,75.00.1,2021.0,0.027450980392156862
Деятельность ветеринарная для сельскохозяйственных животных,75.00.1,2022.0,0.04723346828609987
Деятельность ветеринарная для сельскохозяйственных животных,75.00.1,2023.0,0.02861035422343324
Деятельность ветеринарная для сельскохозяйственных животных,75.00.1,2024.0,0.03424657534246575
Деятельность ветеринарная для домашних животных,75.00.2,2021.0,0.010362694300518135
Деятельность ветеринарная для домашних животных,75.00.2,2022.0,0.058823529411764705
Деятельность ветеринарная для домашних животных,75.00.2,2023.0,0.021739130434782608
Деятельность ветеринарная для домашних животных,75.00.2,2024.0,0.03314917127071823
Аренда и лизинг,77,2021.0,0.06272189349112427
Аренда и лизинг,77,2022.0,0.03806228373702422
Аренда и лизинг,77,2023.0,0.01881331403762663
Аренда и лизинг,77,2024.0,0.034220532319391636
Аренда и лизинг автотранспортных средств,77.1,2021.0,0.0273972602739726
Аренда и лизинг автотранспортных средств,77.1,2022.0,0.02824858757062147
Аренда и лизинг автотранспортных средств,77.1,2023.0,0.006493506493506494
Аренда и лизинг автотранспортных средств,77.1,2024.0,0.011764705882352941
Аренда и лизинг легковых автомобилей и легких автотранспортных средств,77.11,2021.0,0.027777777777777776
Аренда и лизинг легковых автомобилей и легких автотранспортных средств,77.11,2022.0,0.015267175572519083
Аренда и лизинг легковых автомобилей и легких автотранспортных средств,77.11,2023.0,
Аренда и лизинг легковых автомобилей и легких автотранспортных средств,77.11,2024.0,0.008771929824561403
Аренда и лизинг грузовых транспортных средств,77.12,2021.0,0.02631578947368421
Аренда и лизинг грузовых транспортных средств,77.12,2022.0,0.06521739130434782
Аренда и лизинг грузовых транспортных средств,77.12,2023.0,0.021739130434782608
Аренда и лизинг грузовых транспортных средств,77.12,2024.0,0.017857142857142856
Прокат и аренда предметов личного пользования и хозяйственно-бытового назначения,77.2,2021.0,
Прокат и аренда предметов личного пользования и хозяйственно-бытового назначения,77.2,2022.0,
Прокат и аренда предметов личного пользования и хозяйственно-бытового назначения,77.2,2023.0,0.20833333333333334
Прокат и аренда предметов личного пользования и хозяйственно-бытового назначения,77.2,2024.0,0.21739130434782608
Прокат и аренда товаров для отдыха и спортивных товаров,77.21,2021.0,
Прокат и аренда товаров для отдыха и спортивных товаров,77.21,2022.0,
Прокат и аренда товаров для отдыха и спортивных товаров,77.21,2023.0,0.35714285714285715
Прокат и аренда товаров для отдыха и спортивных товаров,77.21,2024.0,0.4166666666666667
"Прокат видеокассет и аудиокассет, грампластинок, компакт-дисков (CD), цифровых видеодисков (DVD)",77.22,2021.0,
"Прокат видеокассет и аудиокассет, грампластинок, компакт-дисков (CD), цифровых видеодисков (DVD)",77.22,2022.0,
"Прокат видеокассет и аудиокассет, грампластинок, компакт-дисков (CD), цифровых видеодисков (DVD)",77.22,2024.0,
Прокат и аренда прочих предметов личного пользования и хозяйственно-бытового назначения,77.29,2021.0,
Прокат и аренда прочих предметов личного пользования и хозяйственно-бытового назначения,77.29,2022.0,
Прокат и аренда прочих предметов личного пользования и хозяйственно-бытового назначения,77.29,2023.0,
Прокат и аренда прочих предметов личного пользования и хозяйственно-бытового назначения,77.29,2024.0,
"Прокат телевизоров, радиоприемников, устройств видеозаписи, аудиозаписи и подобного оборудования",77.29.1,2021.0,
"Прокат телевизоров, радиоприемников, устройств видеозаписи, аудиозаписи и подобного оборудования",77.29.1,2022.0,
"Прокат телевизоров, радиоприемников, устройств видеозаписи, аудиозаписи и подобного оборудования",77.29.1,2023.0,
"Прокат телевизоров, радиоприемников, устройств видеозаписи, аудиозаписи и подобного оборудования",77.29.1,2024.0,
"Прокат мебели, электрических и неэлектрических бытовых приборов",77.29.2,2021.0,
"Прокат мебели, электрических и неэлектрических бытовых приборов",77.29.2,2023.0,
"Прокат мебели, электрических и неэлектрических бытовых приборов",77.29.2,2024.0,
"Прокат прочих бытовых изделий и предметов личного пользования для домашних хозяйств, предприятий и организаций, не включенных в другие группировки",77.29.9,2021.0,
"Прокат прочих бытовых изделий и предметов личного пользования для домашних хозяйств, предприятий и организаций, не включенных в другие группировки",77.29.9,2022.0,
"Прокат прочих бытовых изделий и предметов личного пользования для домашних хозяйств, предприятий и организаций, не включенных в другие группировки",77.29.9,2023.0,
"Прокат прочих бытовых изделий и предметов личного пользования для домашних хозяйств, предприятий и организаций, не включенных в другие группировки",77.29.9,2024.0,
Аренда и лизинг прочих машин и оборудования и материальных средств,77.3,2021.0,0.0732824427480916
Аренда и лизинг прочих машин и оборудования и материальных средств,77.3,2022.0,0.034482758620689655
Аренда и лизинг прочих машин и оборудования и материальных средств,77.3,2023.0,0.014583333333333334
Аренда и лизинг прочих машин и оборудования и материальных средств,77.3,2024.0,0.02888086642599278
Аренда и лизинг сельскохозяйственных машин и оборудования,77.31,2021.0,0.37037037037037035
Аренда и лизинг сельскохозяйственных машин и оборудования,77.31,2022.0,
Аренда и лизинг сельскохозяйственных машин и оборудования,77.31,2023.0,
Аренда и лизинг сельскохозяйственных машин и оборудования,77.31,2024.0,
Аренда и лизинг строительных машин и оборудования,77.32,2021.0,0.20238095238095238
Аренда и лизинг строительных машин и оборудования,77.32,2022.0,0.06741573033707865
Аренда и лизинг строительных машин и оборудования,77.32,2023.0,0.010309278350515464
Аренда и лизинг строительных машин и оборудования,77.32,2024.0,0.07258064516129033
"Аренда и лизинг офисных машин и оборудования, включая вычислительную технику",77.33,2021.0,0.07142857142857142
"Аренда и лизинг офисных машин и оборудования, включая вычислительную технику",77.33,2022.0,0.08333333333333333
"Аренда и лизинг офисных машин и оборудования, включая вычислительную технику",77.33,2023.0,0.09090909090909091
"Аренда и лизинг офисных машин и оборудования, включая вычислительную технику",77.33,2024.0,0.07142857142857142
Аренда и лизинг офисных машин и оборудования,77.33.1,2021.0,
Аренда и лизинг офисных машин и оборудования,77.33.1,2022.0,
Аренда и лизинг офисных машин и оборудования,77.33.1,2023.0,
Аренда и лизинг офисных машин и оборудования,77.33.1,2024.0,
Аренда и лизинг вычислительных машин и оборудования,77.33.2,2021.0,0.5
Аренда и лизинг вычислительных машин и оборудования,77.33.2,2022.0,0.5
Аренда и лизинг вычислительных машин и оборудования,77.33.2,2023.0,0.5
Аренда и лизинг вычислительных машин и оборудования,77.33.2,2024.0,0.25
Аренда и лизинг водных транспортных средств и оборудования,77.34,2021.0,0.21428571428571427
Аренда и лизинг водных транспортных средств и оборудования,77.34,2022.0,0.11764705882352941
Аренда и лизинг водных транспортных средств и оборудования,77.34,2023.0,0.06666666666666667
Аренда и лизинг водных транспортных средств и оборудования,77.34,2024.0,
Аренда и лизинг воздушных судов и авиационного оборудования,77.35,2021.0,
Аренда и лизинг воздушных судов и авиационного оборудования,77.35,2022.0,
Аренда и лизинг воздушных судов и авиационного оборудования,77.35,2023.0,
Аренда и лизинг воздушных судов и авиационного оборудования,77.35,2024.0,
"Аренда и лизинг прочих видов транспорта, оборудования и материальных средств, не включенных в другие группировки",77.39,2021.0,0.033268101761252444
"Аренда и лизинг прочих видов транспорта, оборудования и материальных средств, не включенных в другие группировки",77.39,2022.0,0.026052104208416832
"Аренда и лизинг прочих видов транспорта, оборудования и материальных средств, не включенных в другие группировки",77.39,2023.0,0.011834319526627219
"Аренда и лизинг прочих видов транспорта, оборудования и материальных средств, не включенных в другие группировки",77.39,2024.0,0.016042780748663103
Аренда и лизинг прочих сухопутных транспортных средств и оборудования,77.39.1,2021.0,0.04776119402985075
Аренда и лизинг прочих сухопутных транспортных средств и оборудования,77.39.1,2022.0,0.03142857142857143
Аренда и лизинг прочих сухопутных транспортных средств и оборудования,77.39.1,2023.0,0.011560693641618497
Аренда и лизинг прочих сухопутных транспортных средств и оборудования,77.39.1,2024.0,0.027472527472527472
Аренда и лизинг прочего автомобильного транспорта и оборудования,77.39.11,2021.0,
Аренда и лизинг прочего автомобильного транспорта и оборудования,77.39.11,2022.0,0.02564102564102564
Аренда и лизинг прочего автомобильного транспорта и оборудования,77.39.11,2023.0,0.02197802197802198
Аренда и лизинг прочего автомобильного транспорта и оборудования,77.39.11,2024.0,0.04040404040404041
Аренда и лизинг железнодорожного транспорта и оборудования,77.39.12,2021.0,0.06722689075630252
Аренда и лизинг железнодорожного транспорта и оборудования,77.39.12,2022.0,0.034220532319391636
Аренда и лизинг железнодорожного транспорта и оборудования,77.39.12,2023.0,
Аренда и лизинг железнодорожного транспорта и оборудования,77.39.12,2024.0,0.012987012987012988
"Аренда и лизинг прочих машин и оборудования, не включенных в другие группировки",77.39.2,2021.0,0.005952380952380952
"Аренда и лизинг прочих машин и оборудования, не включенных в другие группировки",77.39.2,2022.0,0.015151515151515152
"Аренда и лизинг прочих машин и оборудования, не включенных в другие группировки",77.39.2,2023.0,0.006666666666666667
"Аренда и лизинг прочих машин и оборудования, не включенных в другие группировки",77.39.2,2024.0,
"Аренда и лизинг двигателей, турбин и станков",77.39.21,2021.0,
"Аренда и лизинг двигателей, турбин и станков",77.39.21,2022.0,
"Аренда и лизинг двигателей, турбин и станков",77.39.21,2023.0,
"Аренда и лизинг двигателей, турбин и станков",77.39.21,2024.0,
Аренда и лизинг горного и нефтепромыслового оборудования,77.39.22,2021.0,
Аренда и лизинг горного и нефтепромыслового оборудования,77.39.22,2022.0,
Аренда и лизинг горного и нефтепромыслового оборудования,77.39.22,2023.0,
Аренда и лизинг горного и нефтепромыслового оборудования,77.39.22,2024.0,
Аренда и лизинг подъемно-транспортного оборудования,77.39.23,2021.0,
Аренда и лизинг подъемно-транспортного оборудования,77.39.23,2022.0,
Аренда и лизинг подъемно-транспортного оборудования,77.39.23,2023.0,
Аренда и лизинг подъемно-транспортного оборудования,77.39.23,2024.0,
Аренда и лизинг профессиональной радио- и телевизионной аппаратуры и аппаратуры связи,77.39.24,2021.0,
Аренда и лизинг профессиональной радио- и телевизионной аппаратуры и аппаратуры связи,77.39.24,2022.0,
Аренда и лизинг профессиональной радио- и телевизионной аппаратуры и аппаратуры связи,77.39.24,2023.0,
Аренда и лизинг профессиональной радио- и телевизионной аппаратуры и аппаратуры связи,77.39.24,2024.0,
Аренда и лизинг контрольно-измерительной аппаратуры,77.39.25,2021.0,
Аренда и лизинг контрольно-измерительной аппаратуры,77.39.25,2022.0,
Аренда и лизинг контрольно-измерительной аппаратуры,77.39.25,2023.0,
Аренда и лизинг контрольно-измерительной аппаратуры,77.39.25,2024.0,
"Аренда и лизинг приборов, аппаратов и прочего оборудования, применяемого в медицинских целях",77.39.26,2021.0,
"Аренда и лизинг приборов, аппаратов и прочего оборудования, применяемого в медицинских целях",77.39.26,2022.0,
"Аренда и лизинг приборов, аппаратов и прочего оборудования, применяемого в медицинских целях",77.39.26,2023.0,
"Аренда и лизинг приборов, аппаратов и прочего оборудования, применяемого в медицинских целях",77.39.26,2024.0,
Аренда и лизинг торгового оборудования,77.39.27,2021.0,
Аренда и лизинг торгового оборудования,77.39.27,2022.0,
Аренда и лизинг торгового оборудования,77.39.27,2023.0,
Аренда и лизинг торгового оборудования,77.39.27,2024.0,
Аренда и лизинг прочих машин и оборудования научного и промышленного назначения,77.39.29,2021.0,0.013888888888888888
Аренда и лизинг прочих машин и оборудования научного и промышленного назначения,77.39.29,2022.0,0.0136986301369863
Аренда и лизинг прочих машин и оборудования научного и промышленного назначения,77.39.29,2023.0,
Аренда и лизинг прочих машин и оборудования научного и промышленного назначения,77.39.29,2024.0,
"Аренда интеллектуальной собственности и подобной продукции, кроме авторских прав",77.40,2021.0,0.037037037037037035
"Аренда интеллектуальной собственности и подобной продукции, кроме авторских прав",77.40,2022.0,0.16216216216216217
"Аренда интеллектуальной собственности и подобной продукции, кроме авторских прав",77.40,2023.0,
"Аренда интеллектуальной собственности и подобной продукции, кроме авторских прав",77.40,2024.0,0.09523809523809523
Деятельность по трудоустройству и подбору персонала,78,2021.0,0.02434077079107505
Деятельность по трудоустройству и подбору персонала,78,2022.0,0.03779527559055118
Деятельность по трудоустройству и подбору персонала,78,2023.0,0.0433031218529708
Деятельность по трудоустройству и подбору персонала,78,2024.0,0.019430051813471502
Деятельность агентств по подбору персонала,78.10,2021.0,0.026533996683250415
Деятельность агентств по подбору персонала,78.10,2022.0,0.034026465028355386
Деятельность агентств по подбору персонала,78.10,2023.0,0.04966139954853273
Деятельность агентств по подбору персонала,78.10,2024.0,0.0199501246882793
Деятельность агентств по временному трудоустройству,78.20,2021.0,0.022964509394572025
Деятельность агентств по временному трудоустройству,78.20,2022.0,0.03827751196172249
Деятельность агентств по временному трудоустройству,78.20,2023.0,0.03333333333333333
Деятельность агентств по временному трудоустройству,78.20,2024.0,0.02092050209205021
Деятельность по подбору персонала прочая,78.30,2021.0,0.022670025188916875
Деятельность по подбору персонала прочая,78.30,2022.0,0.043343653250773995
Деятельность по подбору персонала прочая,78.30,2023.0,0.04285714285714286
Деятельность по подбору персонала прочая,78.30,2024.0,0.015151515151515152
"Деятельность туристических агентств и прочих организаций, предоставляющих услуги в сфере туризма",79,2021.0,0.043076923076923075
"Деятельность туристических агентств и прочих организаций, предоставляющих услуги в сфере туризма",79,2022.0,0.045317220543806644
"Деятельность туристических агентств и прочих организаций, предоставляющих услуги в сфере туризма",79,2023.0,0.030612244897959183
"Деятельность туристических агентств и прочих организаций, предоставляющих услуги в сфере туризма",79,2024.0,0.02619047619047619
Деятельность туристических агентств и туроператоров,79.1,2021.0,0.048458149779735685
Деятельность туристических агентств и туроператоров,79.1,2022.0,0.034653465346534656
Деятельность туристических агентств и туроператоров,79.1,2023.0,0.03980099502487562
Деятельность туристических агентств и туроператоров,79.1,2024.0,0.024752475247524754
Деятельность туристических агентств,79.11,2021.0,0.03468208092485549
Деятельность туристических агентств,79.11,2022.0,0.044585987261146494
Деятельность туристических агентств,79.11,2023.0,0.0472972972972973
Деятельность туристических агентств,79.11,2024.0,0.034722222222222224
Деятельность туроператоров,79.12,2021.0,0.09259259259259259
Деятельность туроператоров,79.12,2022.0,
Деятельность туроператоров,79.12,2023.0,0.018867924528301886
Деятельность туроператоров,79.12,2024.0,
Услуги по бронированию прочие и сопутствующая деятельность,79.90,2021.0,0.030612244897959183
Услуги по бронированию прочие и сопутствующая деятельность,79.90,2022.0,0.06201550387596899
Услуги по бронированию прочие и сопутствующая деятельность,79.90,2023.0,0.020942408376963352
Услуги по бронированию прочие и сопутствующая деятельность,79.90,2024.0,0.027522935779816515
Деятельность по предоставлению туристических информационных услуг,79.90.1,2021.0,0.029850746268656716
Деятельность по предоставлению туристических информационных услуг,79.90.1,2022.0,0.07446808510638298
Деятельность по предоставлению туристических информационных услуг,79.90.1,2023.0,0.022556390977443608
Деятельность по предоставлению туристических информационных услуг,79.90.1,2024.0,0.037037037037037035
Деятельность по предоставлению экскурсионных туристических услуг,79.90.2,2021.0,
Деятельность по предоставлению экскурсионных туристических услуг,79.90.2,2022.0,
Деятельность по предоставлению экскурсионных туристических услуг,79.90.2,2023.0,
Деятельность по предоставлению экскурсионных туристических услуг,79.90.2,2024.0,
Деятельность туристических агентств по предоставлению экскурсионных туристических услуг,79.90.21,2021.0,
Деятельность туристических агентств по предоставлению экскурсионных туристических услуг,79.90.21,2022.0,
Деятельность туристических агентств по предоставлению экскурсионных туристических услуг,79.90.21,2023.0,
Деятельность туристических агентств по предоставлению экскурсионных туристических услуг,79.90.21,2024.0,
Деятельность самостоятельных экскурсоводов и гидов по предоставлению экскурсионных туристических услуг,79.90.22,2021.0,
Деятельность самостоятельных экскурсоводов и гидов по предоставлению экскурсионных туристических услуг,79.90.22,2022.0,
Деятельность самостоятельных экскурсоводов и гидов по предоставлению экскурсионных туристических услуг,79.90.22,2023.0,
Деятельность самостоятельных экскурсоводов и гидов по предоставлению экскурсионных туристических услуг,79.90.22,2024.0,
"Деятельность по предоставлению туристических услуг, связанных с бронированием",79.90.3,2021.0,
"Деятельность по предоставлению туристических услуг, связанных с бронированием",79.90.3,2022.0,0.14285714285714285
"Деятельность по предоставлению туристических услуг, связанных с бронированием",79.90.3,2023.0,0.1
"Деятельность по предоставлению туристических услуг, связанных с бронированием",79.90.3,2024.0,
Деятельность по бронированию билетов на культурно-развлекательные мероприятия,79.90.31,2024.0,
"Деятельность по оказанию прочих услуг, связанных со службой предварительных заказов",79.90.32,2021.0,
"Деятельность по оказанию прочих услуг, связанных со службой предварительных заказов",79.90.32,2022.0,
"Деятельность по оказанию прочих услуг, связанных со службой предварительных заказов",79.90.32,2023.0,
"Деятельность по оказанию прочих услуг, связанных со службой предварительных заказов",79.90.32,2024.0,
Деятельность по обеспечению безопасности и проведению расследований,80,2021.0,0.03181427343078246
Деятельность по обеспечению безопасности и проведению расследований,80,2022.0,0.04859335038363171
Деятельность по обеспечению безопасности и проведению расследований,80,2023.0,0.026446280991735537
Деятельность по обеспечению безопасности и проведению расследований,80,2024.0,0.022675736961451247
Деятельность частных охранных служб,80.10,2021.0,0.012287334593572778
"Деятельность охранных служб, в том числе частных",80.10,2022.0,0.027938342967244702
"Деятельность охранных служб, в том числе частных",80.10,2023.0,0.01551094890510949
"Деятельность охранных служб, в том числе частных",80.10,2024.0,0.01903973509933775
Деятельность ведомственной охраны,80.10.1,2022.0,
Деятельность ведомственной охраны,80.10.1,2023.0,0.046511627906976744
Деятельность ведомственной охраны,80.10.1,2024.0,0.008333333333333333
Деятельность частных охранных организаций,80.10.2,2023.0,
Деятельность частных охранных организаций,80.10.2,2024.0,0.023809523809523808
Деятельность охранных служб прочих,80.10.9,2024.0,0.029535864978902954
Деятельность систем обеспечения безопасности,80.20,2021.0,0.23
Деятельность систем обеспечения безопасности,80.20,2022.0,0.20610687022900764
Деятельность систем обеспечения безопасности,80.20,2023.0,0.13392857142857142
Деятельность систем обеспечения безопасности,80.20,2024.0,0.0625
Деятельность по расследованию,80.30,2021.0,0.2
Деятельность по расследованию,80.30,2022.0,0.25
Деятельность по расследованию,80.30,2023.0,
Деятельность по расследованию,80.30,2024.0,
Деятельность по обслуживанию зданий и территорий,81,2021.0,0.026533996683250415
Деятельность по обслуживанию зданий и территорий,81,2022.0,0.05146316851664985
Деятельность по обслуживанию зданий и территорий,81,2023.0,0.02914572864321608
Деятельность по обслуживанию зданий и территорий,81,2024.0,0.01702127659574468
Деятельность по комплексному обслуживанию помещений,81.10,2021.0,0.02092050209205021
Деятельность по комплексному обслуживанию помещений,81.10,2022.0,0.052434456928838954
Деятельность по комплексному обслуживанию помещений,81.10,2023.0,0.019933554817275746
Деятельность по комплексному обслуживанию помещений,81.10,2024.0,0.008645533141210375
Деятельность по чистке и уборке,81.2,2021.0,0.029895366218236172
Деятельность по чистке и уборке,81.2,2022.0,0.04937413073713491
Деятельность по чистке и уборке,81.2,2023.0,0.031609195402298854
Деятельность по чистке и уборке,81.2,2024.0,0.01834862385321101
Деятельность по общей уборке зданий,81.21,2021.0,0.029411764705882353
Деятельность по общей уборке зданий,81.21,2022.0,0.027777777777777776
Деятельность по общей уборке зданий,81.21,2023.0,0.022727272727272728
Деятельность по общей уборке зданий,81.21,2024.0,0.038461538461538464
Деятельность по уборке квартир и частных домов,81.21.1,2021.0,
Деятельность по уборке квартир и частных домов,81.21.1,2022.0,
Деятельность по уборке квартир и частных домов,81.21.1,2023.0,1.0
Деятельность по уборке квартир и частных домов,81.21.1,2024.0,
Деятельность по уборке прочих типов зданий и помещений,81.21.9,2021.0,0.125
Деятельность по уборке прочих типов зданий и помещений,81.21.9,2022.0,0.1111111111111111
Деятельность по уборке прочих типов зданий и помещений,81.21.9,2023.0,
Деятельность по уборке прочих типов зданий и помещений,81.21.9,2024.0,
Деятельность по чистке и уборке жилых зданий и нежилых помещений прочая,81.22,2021.0,0.01699029126213592
Деятельность по чистке и уборке жилых зданий и нежилых помещений прочая,81.22,2022.0,0.03205128205128205
Деятельность по чистке и уборке жилых зданий и нежилых помещений прочая,81.22,2023.0,0.018957345971563982
Деятельность по чистке и уборке жилых зданий и нежилых помещений прочая,81.22,2024.0,0.010224948875255624
Деятельность по чистке и уборке прочая,81.29,2021.0,0.03587443946188341
Деятельность по чистке и уборке прочая,81.29,2022.0,0.058886509635974305
Деятельность по чистке и уборке прочая,81.29,2023.0,0.03779697624190065
Деятельность по чистке и уборке прочая,81.29,2024.0,0.021689497716894976
"Дезинфекция, дезинсекция, дератизация зданий, промышленного оборудования",81.29.1,2021.0,
"Дезинфекция, дезинсекция, дератизация зданий, промышленного оборудования",81.29.1,2022.0,0.05555555555555555
"Дезинфекция, дезинсекция, дератизация зданий, промышленного оборудования",81.29.1,2023.0,0.02631578947368421
"Дезинфекция, дезинсекция, дератизация зданий, промышленного оборудования",81.29.1,2024.0,
Подметание улиц и уборка снега,81.29.2,2021.0,0.022727272727272728
Подметание улиц и уборка снега,81.29.2,2022.0,0.024193548387096774
Подметание улиц и уборка снега,81.29.2,2023.0,0.03418803418803419
Подметание улиц и уборка снега,81.29.2,2024.0,0.03225806451612903
"Деятельность по чистке и уборке прочая, не включенная в другие группировки",81.29.9,2021.0,0.042042042042042045
"Деятельность по чистке и уборке прочая, не включенная в другие группировки",81.29.9,2022.0,0.06582633053221289
"Деятельность по чистке и уборке прочая, не включенная в другие группировки",81.29.9,2023.0,0.041193181818181816
"Деятельность по чистке и уборке прочая, не включенная в другие группировки",81.29.9,2024.0,0.0219435736677116
Предоставление услуг по благоустройству ландшафта,81.3,2021.0,0.01293103448275862
Предоставление услуг по благоустройству ландшафта,81.3,2022.0,0.061371841155234655
Предоставление услуг по благоустройству ландшафта,81.3,2023.0,0.026936026936026935
Предоставление услуг по благоустройству ландшафта,81.3,2024.0,0.019943019943019943
Деятельность по благоустройству ландшафта,81.30,2021.0,0.01293103448275862
Деятельность по благоустройству ландшафта,81.30,2022.0,0.061371841155234655
Деятельность по благоустройству ландшафта,81.30,2023.0,0.026936026936026935
Деятельность по благоустройству ландшафта,81.30,2024.0,0.019943019943019943
"Деятельность административно-хозяйственная, вспомогательная деятельность по обеспечению функционирования организации, деятельность по предоставлению прочих вспомогательных услуг для бизнеса",82,2021.0,0.0513771186440678
"Деятельность административно-хозяйственная, вспомогательная деятельность по обеспечению функционирования организации, деятельность по предоставлению прочих вспомогательных услуг для бизнеса",82,2022.0,0.07361041562343515
"Деятельность административно-хозяйственная, вспомогательная деятельность по обеспечению функционирования организации, деятельность по предоставлению прочих вспомогательных услуг для бизнеса",82,2023.0,0.050274223034734916
"Деятельность административно-хозяйственная, вспомогательная деятельность по обеспечению функционирования организации, деятельность по предоставлению прочих вспомогательных услуг для бизнеса",82,2024.0,0.04629250307251127
Деятельность административно-хозяйственная и вспомогательная деятельность по обеспечению функционирования организации,82.1,2021.0,0.028169014084507043
Деятельность административно-хозяйственная и вспомогательная деятельность по обеспечению функционирования организации,82.1,2022.0,0.047619047619047616
Деятельность административно-хозяйственная и вспомогательная деятельность по обеспечению функционирования организации,82.1,2023.0,0.03209876543209877
Деятельность административно-хозяйственная и вспомогательная деятельность по обеспечению функционирования организации,82.1,2024.0,0.02558139534883721
Деятельность административно-хозяйственная комплексная по обеспечению работы организации,82.11,2021.0,0.028985507246376812
Деятельность административно-хозяйственная комплексная по обеспечению работы организации,82.11,2022.0,0.04857142857142857
Деятельность административно-хозяйственная комплексная по обеспечению работы организации,82.11,2023.0,0.032663316582914576
Деятельность административно-хозяйственная комплексная по обеспечению работы организации,82.11,2024.0,0.026004728132387706
Деятельность по фотокопированию и подготовке документов и прочая специализированная вспомогательная деятельность по обеспечению деятельности офиса,82.19,2021.0,
Деятельность по фотокопированию и подготовке документов и прочая специализированная вспомогательная деятельность по обеспечению деятельности офиса,82.19,2022.0,
Деятельность по фотокопированию и подготовке документов и прочая специализированная вспомогательная деятельность по обеспечению деятельности офиса,82.19,2023.0,
Деятельность по фотокопированию и подготовке документов и прочая специализированная вспомогательная деятельность по обеспечению деятельности офиса,82.19,2024.0,
Деятельность центров обработки телефонных вызовов,82.20,2021.0,0.06643952299829642
Деятельность центров обработки телефонных вызовов,82.20,2022.0,0.0946843853820598
Деятельность центров обработки телефонных вызовов,82.20,2023.0,0.06369426751592357
Деятельность центров обработки телефонных вызовов,82.20,2024.0,0.06666666666666667
Деятельность по организации конференций и выставок,82.30,2021.0,0.03428571428571429
Деятельность по организации конференций и выставок,82.30,2022.0,0.05752212389380531
Деятельность по организации конференций и выставок,82.30,2023.0,0.0364741641337386
Деятельность по организации конференций и выставок,82.30,2024.0,0.02493765586034913
Деятельность организаторов и операторов выставочных и ярмарочных мероприятий,82.30.1,2024.0,
Деятельность организаторов конгрессных мероприятий,82.30.2,2024.0,
Деятельность по предоставлению выставочных/ярмарочных услуг,82.30.3,2024.0,
"Деятельность по предоставлению вспомогательных услуг для бизнеса, не включенная в другие группировки",82.9,2021.0,0.052256532066508314
"Деятельность по предоставлению вспомогательных услуг для бизнеса, не включенная в другие группировки",82.9,2022.0,0.07389162561576355
"Деятельность по предоставлению вспомогательных услуг для бизнеса, не включенная в другие группировки",82.9,2023.0,0.05447941888619855
"Деятельность по предоставлению вспомогательных услуг для бизнеса, не включенная в другие группировки",82.9,2024.0,0.05077720207253886
Деятельность агентств по сбору платежей и бюро кредитной информации,82.91,2021.0,0.07894736842105263
Деятельность агентств по сбору платежей и бюро кредитной информации,82.91,2022.0,0.027777777777777776
Деятельность агентств по сбору платежей и бюро кредитной информации,82.91,2023.0,0.09036144578313253
Деятельность агентств по сбору платежей и бюро кредитной информации,82.91,2024.0,0.0893854748603352
Деятельность по упаковыванию товаров,82.92,2021.0,
Деятельность по упаковыванию товаров,82.92,2022.0,0.07142857142857142
Деятельность по упаковыванию товаров,82.92,2023.0,0.11764705882352941
Деятельность по упаковыванию товаров,82.92,2024.0,0.04878048780487805
"Деятельность по предоставлению прочих вспомогательных услуг для бизнеса, не включенная в другие группировки",82.99,2021.0,0.04819277108433735
"Деятельность по предоставлению прочих вспомогательных услуг для бизнеса, не включенная в другие группировки",82.99,2022.0,0.084375
"Деятельность по предоставлению прочих вспомогательных услуг для бизнеса, не включенная в другие группировки",82.99,2023.0,0.04153354632587859
"Деятельность по предоставлению прочих вспомогательных услуг для бизнеса, не включенная в другие группировки",82.99,2024.0,0.04161073825503356
"Деятельность органов государственного управления по обеспечению военной безопасности, обязательному социальному обеспечению",84,2021.0,0.022813355227148332
"Деятельность органов государственного управления по обеспечению военной безопасности, обязательному социальному обеспечению",84,2022.0,0.04323993797907886
"Деятельность органов государственного управления по обеспечению военной безопасности, обязательному социальному обеспечению",84,2023.0,0.02557111760955124
"Деятельность органов государственного управления по обеспечению военной безопасности, обязательному социальному обеспечению",84,2024.0,0.02023731048121292
"Предоставление государственных услуг обществу, не включенные в другие группировки",84.02.АГ,2021.0,0.03092334494773519
"Предоставление государственных услуг обществу, не включенные в другие группировки",84.02.АГ,2022.0,0.054310344827586204
"Предоставление государственных услуг обществу, не включенные в другие группировки",84.02.АГ,2023.0,0.028730305838739572
"Предоставление государственных услуг обществу, не включенные в другие группировки",84.02.АГ,2024.0,0.02096924510717614
Деятельность органов государственного управления и местного самоуправления по вопросам общего и социально-экономического характера,84.1,2021.0,0.022578557560940533
Деятельность органов государственного управления и местного самоуправления по вопросам общего и социально-экономического характера,84.1,2022.0,0.04203666571183042
Деятельность органов государственного управления и местного самоуправления по вопросам общего и социально-экономического характера,84.1,2023.0,0.025065899832254972
Деятельность органов государственного управления и местного самоуправления по вопросам общего и социально-экономического характера,84.1,2024.0,0.019674874491991394
Деятельность органов государственного управления и местного самоуправления по вопросам общего характера,84.11,2021.0,0.02260202471413658
Деятельность органов государственного управления и местного самоуправления по вопросам общего характера,84.11,2022.0,0.04190065840433772
Деятельность органов государственного управления и местного самоуправления по вопросам общего характера,84.11,2023.0,0.024962968359194773
Деятельность органов государственного управления и местного самоуправления по вопросам общего характера,84.11,2024.0,0.01966000048364085
"Деятельность федеральных органов государственной власти по управлению вопросами общего характера, кроме судебной власти",84.11.1,2021.0,0.022297624818225885
"Деятельность федеральных органов государственной власти по управлению вопросами общего характера, кроме судебной власти",84.11.1,2022.0,0.060382916053019146
"Деятельность федеральных органов государственной власти по управлению вопросами общего характера, кроме судебной власти",84.11.1,2023.0,0.04252199413489736
"Деятельность федеральных органов государственной власти по управлению вопросами общего характера, кроме судебной власти",84.11.1,2024.0,0.041222788327929596
"Деятельность федеральных органов государственной власти, кроме полномочных представителей Президента Российской Федерации и территориальных органов федеральных органов исполнительной власти",84.11.11,2021.0,0.05286343612334802
"Деятельность федеральных органов государственной власти, кроме полномочных представителей Президента Российской Федерации и территориальных органов федеральных органов исполнительной власти",84.11.11,2022.0,0.09243697478991597
"Деятельность федеральных органов государственной власти, кроме полномочных представителей Президента Российской Федерации и территориальных органов федеральных органов исполнительной власти",84.11.11,2023.0,0.0825242718446602
"Деятельность федеральных органов государственной власти, кроме полномочных представителей Президента Российской Федерации и территориальных органов федеральных органов исполнительной власти",84.11.11,2024.0,0.07450980392156863
"Деятельность полномочных представителей Президента Российской Федерации в регионах Российской Федерации и территориальных органов федеральных органов исполнительной власти в субъектах Российской Федерации (республиках, краях, областях)",84.11.12,2021.0,0.020879940343027592
"Деятельность полномочных представителей Президента Российской Федерации в регионах Российской Федерации и территориальных органов федеральных органов исполнительной власти в субъектах Российской Федерации (республиках, краях, областях)",84.11.12,2022.0,0.056451612903225805
"Деятельность полномочных представителей Президента Российской Федерации в регионах Российской Федерации и территориальных органов федеральных органов исполнительной власти в субъектах Российской Федерации (республиках, краях, областях)",84.11.12,2023.0,0.03282275711159737
"Деятельность полномочных представителей Президента Российской Федерации в регионах Российской Федерации и территориальных органов федеральных органов исполнительной власти в субъектах Российской Федерации (республиках, краях, областях)",84.11.12,2024.0,0.031055900621118012
Деятельность территориальных органов федеральных органов исполнительной власти в городах и районах субъектов Российской Федерации,84.11.13,2021.0,0.01072961373390558
Деятельность территориальных органов федеральных органов исполнительной власти в городах и районах субъектов Российской Федерации,84.11.13,2022.0,0.05405405405405406
Деятельность территориальных органов федеральных органов исполнительной власти в городах и районах субъектов Российской Федерации,84.11.13,2023.0,0.04367816091954023
Деятельность территориальных органов федеральных органов исполнительной власти в городах и районах субъектов Российской Федерации,84.11.13,2024.0,0.052132701421800945
"Деятельность органов государственной власти по управлению вопросами общего характера, кроме судебной власти, субъектов Российской Федерации",84.11.2,2021.0,0.0248790601243953
"Деятельность органов государственной власти по управлению вопросами общего характера, кроме судебной власти, субъектов Российской Федерации",84.11.2,2022.0,0.04737926298924239
"Деятельность органов государственной власти по управлению вопросами общего характера, кроме судебной власти, субъектов Российской Федерации",84.11.2,2023.0,0.03014505893019039
"Деятельность органов государственной власти по управлению вопросами общего характера, кроме судебной власти, субъектов Российской Федерации",84.11.2,2024.0,0.03009207275993712
"Деятельность органов государственной власти субъектов Российской Федерации (республик, краев, областей), кроме судебной власти, представительств исполнительных органов государственной власти субъектов Российской Федерации при Президенте Российской Федерации",84.11.21,2021.0,0.024142757172848146
"Деятельность органов государственной власти субъектов Российской Федерации (республик, краев, областей), кроме судебной власти, представительств исполнительных органов государственной власти субъектов Российской Федерации при Президенте Российской Федерации",84.11.21,2022.0,0.05012098167991704
"Деятельность органов государственной власти субъектов Российской Федерации (республик, краев, областей), кроме судебной власти, представительств исполнительных органов государственной власти субъектов Российской Федерации при Президенте Российской Федерации",84.11.21,2023.0,0.034934497816593885
"Деятельность органов государственной власти субъектов Российской Федерации (республик, краев, областей), кроме судебной власти, представительств исполнительных органов государственной власти субъектов Российской Федерации при Президенте Российской Федерации",84.11.21,2024.0,0.03663003663003663
Деятельность органов государственной власти субъектов Российской Федерации по осуществлению своих полномочий в городах и районах,84.11.22,2021.0,0.02556818181818182
Деятельность органов государственной власти субъектов Российской Федерации по осуществлению своих полномочий в городах и районах,84.11.22,2022.0,0.040948275862068964
Деятельность органов государственной власти субъектов Российской Федерации по осуществлению своих полномочий в городах и районах,84.11.22,2023.0,0.01839587932303164
Деятельность органов государственной власти субъектов Российской Федерации по осуществлению своих полномочий в городах и районах,84.11.22,2024.0,0.013991163475699559
Деятельность органов государственной власти субъектов Российской Федерации по осуществлению своих полномочий в сельских населенных пунктах,84.11.23,2021.0,0.14285714285714285
Деятельность органов государственной власти субъектов Российской Федерации по осуществлению своих полномочий в сельских населенных пунктах,84.11.23,2022.0,0.14285714285714285
Деятельность органов государственной власти субъектов Российской Федерации по осуществлению своих полномочий в сельских населенных пунктах,84.11.23,2023.0,0.125
Деятельность органов государственной власти субъектов Российской Федерации по осуществлению своих полномочий в сельских населенных пунктах,84.11.23,2024.0,
Деятельность органов местного самоуправления по управлению вопросами общего характера,84.11.3,2021.0,0.02195352813654545
Деятельность органов местного самоуправления по управлению вопросами общего характера,84.11.3,2022.0,0.03941110538911272
Деятельность органов местного самоуправления по управлению вопросами общего характера,84.11.3,2023.0,0.02266727355484752
Деятельность органов местного самоуправления по управлению вопросами общего характера,84.11.3,2024.0,0.016308804324718318
Деятельность органов местного самоуправления сельских поселений,84.11.31,2021.0,0.02737458619811561
Деятельность органов местного самоуправления сельских поселений,84.11.31,2022.0,0.04232768964138115
Деятельность органов местного самоуправления сельских поселений,84.11.31,2023.0,0.026562606969261313
Деятельность органов местного самоуправления сельских поселений,84.11.31,2024.0,0.020108807933337924
Деятельность органов местного самоуправления городских поселений,84.11.32,2021.0,0.017419354838709676
Деятельность органов местного самоуправления городских поселений,84.11.32,2022.0,0.04231027535258563
Деятельность органов местного самоуправления городских поселений,84.11.32,2023.0,0.021970233876683204
Деятельность органов местного самоуправления городских поселений,84.11.32,2024.0,0.01845018450184502
Деятельность органов местного самоуправления муниципальных районов,84.11.33,2021.0,0.017804878048780486
Деятельность органов местного самоуправления муниципальных районов,84.11.33,2022.0,0.0321285140562249
Деятельность органов местного самоуправления муниципальных районов,84.11.33,2023.0,0.018408089188488463
Деятельность органов местного самоуправления муниципальных районов,84.11.33,2024.0,0.014502575223637843
Деятельность органов местного самоуправления муниципальных округов,84.11.34,2021.0,0.00966183574879227
Деятельность органов местного самоуправления муниципальных округов,84.11.34,2022.0,0.04552469135802469
Деятельность органов местного самоуправления муниципальных округов,84.11.34,2023.0,0.02048131080389145
Деятельность органов местного самоуправления муниципальных округов,84.11.34,2024.0,0.006931074316519061
Деятельность органов местного самоуправления городских округов,84.11.35,2021.0,0.017354022049816252
Деятельность органов местного самоуправления городских округов,84.11.35,2022.0,0.03598484848484849
Деятельность органов местного самоуправления городских округов,84.11.35,2023.0,0.018154872174879585
Деятельность органов местного самоуправления городских округов,84.11.35,2024.0,0.013031812955155231
Деятельность органов местного самоуправления городских округов с внутригородским делением,84.11.36,2021.0,0.021447721179624665
Деятельность органов местного самоуправления городских округов с внутригородским делением,84.11.36,2022.0,0.08896797153024912
Деятельность органов местного самоуправления городских округов с внутригородским делением,84.11.36,2023.0,0.016
Деятельность органов местного самоуправления городских округов с внутригородским делением,84.11.36,2024.0,
Деятельность органов местного самоуправления внутригородских районов,84.11.37,2021.0,0.022988505747126436
Деятельность органов местного самоуправления внутригородских районов,84.11.37,2022.0,0.05063291139240506
Деятельность органов местного самоуправления внутригородских районов,84.11.37,2023.0,0.0136986301369863
Деятельность органов местного самоуправления внутригородских районов,84.11.37,2024.0,0.03225806451612903
Деятельность органов местного самоуправления внутригородских территорий городов федерального значения,84.11.38,2021.0,0.007772020725388601
Деятельность органов местного самоуправления внутригородских территорий городов федерального значения,84.11.38,2022.0,0.09115281501340483
Деятельность органов местного самоуправления внутригородских территорий городов федерального значения,84.11.38,2023.0,0.05929919137466307
Деятельность органов местного самоуправления внутригородских территорий городов федерального значения,84.11.38,2024.0,0.013623978201634877
Управление финансовой деятельностью и деятельностью в сфере налогообложения,84.11.4,2021.0,0.031446540880503145
Управление финансовой деятельностью и деятельностью в сфере налогообложения,84.11.4,2022.0,0.06051282051282051
Управление финансовой деятельностью и деятельностью в сфере налогообложения,84.11.4,2023.0,0.03389830508474576
Управление финансовой деятельностью и деятельностью в сфере налогообложения,84.11.4,2024.0,0.02591283863368669
Управление деятельностью в области прогнозирования и планирования,84.11.5,2021.0,
Управление деятельностью в области прогнозирования и планирования,84.11.5,2022.0,0.045454545454545456
Управление деятельностью в области прогнозирования и планирования,84.11.5,2023.0,0.05555555555555555
Управление деятельностью в области прогнозирования и планирования,84.11.5,2024.0,0.01639344262295082
Управление деятельностью в области фундаментальных исследований,84.11.6,2021.0,
Управление деятельностью в области фундаментальных исследований,84.11.6,2022.0,
Управление деятельностью в области фундаментальных исследований,84.11.6,2023.0,
Управление деятельностью в области фундаментальных исследований,84.11.6,2024.0,
Управление деятельностью в области статистики,84.11.7,2021.0,0.034782608695652174
Управление деятельностью в области статистики,84.11.7,2022.0,0.0392156862745098
Управление деятельностью в области статистики,84.11.7,2023.0,0.010869565217391304
Управление деятельностью в области статистики,84.11.7,2024.0,0.010752688172043012
"Управление имуществом, находящимся в государственной собственности",84.11.8,2021.0,0.009478672985781991
"Управление имуществом, находящимся в государственной собственности",84.11.8,2022.0,0.03619909502262444
"Управление имуществом, находящимся в государственной собственности",84.11.8,2023.0,0.044444444444444446
"Управление имуществом, находящимся в государственной собственности",84.11.8,2024.0,0.048672566371681415
Управление деятельностью в области антимонопольного контроля,84.11.9,2021.0,
Управление деятельностью в области антимонопольного контроля,84.11.9,2022.0,
Управление деятельностью в области антимонопольного контроля,84.11.9,2023.0,
Управление деятельностью в области антимонопольного контроля,84.11.9,2024.0,
"Государственное регулирование деятельности в области здравоохранения, образования, социально-культурного развития и других социальных услуг, кроме социального обеспечения",84.12,2021.0,0.034482758620689655
"Государственное регулирование деятельности в области здравоохранения, образования, социально-культурного развития и других социальных услуг, кроме социального обеспечения",84.12,2022.0,0.06818181818181818
"Государственное регулирование деятельности в области здравоохранения, образования, социально-культурного развития и других социальных услуг, кроме социального обеспечения",84.12,2023.0,0.04954954954954955
"Государственное регулирование деятельности в области здравоохранения, образования, социально-культурного развития и других социальных услуг, кроме социального обеспечения",84.12,2024.0,0.015463917525773196
Регулирование и содействие эффективному ведению экономической деятельности предприятий,84.13,2021.0,0.012232415902140673
Регулирование и содействие эффективному ведению экономической деятельности предприятий,84.13,2022.0,0.041666666666666664
Регулирование и содействие эффективному ведению экономической деятельности предприятий,84.13,2023.0,0.021406727828746176
Регулирование и содействие эффективному ведению экономической деятельности предприятий,84.13,2024.0,0.024734982332155476
Предоставление государственных услуг обществу,84.2,2021.0,0.024498229043683588
Предоставление государственных услуг обществу,84.2,2022.0,0.05630955818654346
Предоставление государственных услуг обществу,84.2,2023.0,0.029236276849642005
Предоставление государственных услуг обществу,84.2,2024.0,0.025247971145175834
"Деятельность, связанная с обеспечением военной безопасности",84.22,2022.0,
"Деятельность, связанная с обеспечением военной безопасности",84.22,2024.0,
Деятельность в области юстиции и правосудия,84.23,2021.0,0.01098901098901099
Деятельность в области юстиции и правосудия,84.23,2022.0,0.06036745406824147
Деятельность в области юстиции и правосудия,84.23,2023.0,0.03015075376884422
Деятельность в области юстиции и правосудия,84.23,2024.0,0.03302286198137172
Деятельность федеральных судов,84.23.1,2021.0,0.01060070671378092
Деятельность федеральных судов,84.23.1,2022.0,0.09586776859504133
Деятельность федеральных судов,84.23.1,2023.0,0.04129793510324484
Деятельность федеральных судов,84.23.1,2024.0,0.030894308943089432
Деятельность Конституционного суда Российской Федерации,84.23.11,2021.0,
Деятельность Конституционного суда Российской Федерации,84.23.11,2022.0,
Деятельность Конституционного суда Российской Федерации,84.23.11,2023.0,
Деятельность Конституционного суда Российской Федерации,84.23.11,2024.0,
Деятельность Верховного суда Российской Федерации,84.23.12,2021.0,
Деятельность Верховного суда Российской Федерации,84.23.12,2022.0,
Деятельность Верховного суда Российской Федерации,84.23.12,2023.0,
Деятельность Верховного суда Российской Федерации,84.23.12,2024.0,0.2
"Деятельность кассационных судов общей юрисдикции, апелляционных судов общей юрисдикции, верховных судов республик, краевых, областных судов, судов городов федерального значения, суда автономной области, судов автономных округов",84.23.13,2021.0,0.016574585635359115
"Деятельность кассационных судов общей юрисдикции, апелляционных судов общей юрисдикции, верховных судов республик, краевых, областных судов, судов городов федерального значения, суда автономной области, судов автономных округов",84.23.13,2022.0,0.055900621118012424
"Деятельность кассационных судов общей юрисдикции, апелляционных судов общей юрисдикции, верховных судов республик, краевых, областных судов, судов городов федерального значения, суда автономной области, судов автономных округов",84.23.13,2023.0,0.03773584905660377
"Деятельность кассационных судов общей юрисдикции, апелляционных судов общей юрисдикции, верховных судов республик, краевых, областных судов, судов городов федерального значения, суда автономной области, судов автономных округов",84.23.13,2024.0,0.08860759493670886
Деятельность районных судов,84.23.14,2021.0,0.008547008547008548
Деятельность районных судов,84.23.14,2022.0,0.1482758620689655
Деятельность районных судов,84.23.14,2023.0,0.049723756906077346
Деятельность районных судов,84.23.14,2024.0,0.006644518272425249
Деятельность военных судов,84.23.15,2021.0,
Деятельность военных судов,84.23.15,2022.0,0.1
Деятельность военных судов,84.23.15,2023.0,0.045454545454545456
Деятельность военных судов,84.23.15,2024.0,
Деятельность федеральных арбитражных судов округов,84.23.17,2021.0,
Деятельность федеральных арбитражных судов округов,84.23.17,2022.0,0.125
Деятельность федеральных арбитражных судов округов,84.23.17,2023.0,0.0625
Деятельность федеральных арбитражных судов округов,84.23.17,2024.0,
"Деятельность арбитражных апелляционных судов, арбитражных судов субъектов Российской Федерации",84.23.18,2021.0,
"Деятельность арбитражных апелляционных судов, арбитражных судов субъектов Российской Федерации",84.23.18,2022.0,0.010101010101010102
"Деятельность арбитражных апелляционных судов, арбитражных судов субъектов Российской Федерации",84.23.18,2023.0,0.010101010101010102
"Деятельность арбитражных апелляционных судов, арбитражных судов субъектов Российской Федерации",84.23.18,2024.0,
Деятельность специализированных судов,84.23.19,2022.0,
Деятельность судов субъектов Российской Федерации,84.23.2,2021.0,0.023529411764705882
Деятельность судов субъектов Российской Федерации,84.23.2,2022.0,
Деятельность судов субъектов Российской Федерации,84.23.2,2023.0,
Деятельность судов субъектов Российской Федерации,84.23.2,2024.0,
Деятельность конституционных (уставных) судов,84.23.21,2021.0,0.14285714285714285
Деятельность мировых судей,84.23.22,2021.0,0.01282051282051282
Деятельность мировых судей,84.23.22,2022.0,
Деятельность мировых судей,84.23.22,2023.0,
Деятельность мировых судей,84.23.22,2024.0,
Деятельность органов прокуратуры Российской Федерации,84.23.3,2021.0,0.0031847133757961785
Деятельность органов прокуратуры Российской Федерации,84.23.3,2022.0,0.02416918429003021
Деятельность органов прокуратуры Российской Федерации,84.23.3,2023.0,0.024539877300613498
Деятельность органов прокуратуры Российской Федерации,84.23.3,2024.0,0.04722222222222222
Деятельность Генеральной прокуратуры Российской Федерации,84.23.31,2021.0,
Деятельность Генеральной прокуратуры Российской Федерации,84.23.31,2022.0,0.041666666666666664
Деятельность Генеральной прокуратуры Российской Федерации,84.23.31,2023.0,0.06896551724137931
Деятельность Генеральной прокуратуры Российской Федерации,84.23.31,2024.0,
Деятельность прокуратур субъектов Российской Федерации,84.23.32,2021.0,0.003816793893129771
Деятельность прокуратур субъектов Российской Федерации,84.23.32,2022.0,0.026119402985074626
Деятельность прокуратур субъектов Российской Федерации,84.23.32,2023.0,0.023166023166023165
Деятельность прокуратур субъектов Российской Федерации,84.23.32,2024.0,0.056140350877192984
Деятельность прокуратур городов и районов,84.23.33,2021.0,
Деятельность прокуратур городов и районов,84.23.33,2022.0,
Деятельность прокуратур городов и районов,84.23.33,2023.0,
Деятельность прокуратур городов и районов,84.23.33,2024.0,0.02857142857142857
Деятельность Следственного комитета Российской Федерации,84.23.5,2021.0,0.01834862385321101
Деятельность Следственного комитета Российской Федерации,84.23.5,2022.0,0.01639344262295082
Деятельность Следственного комитета Российской Федерации,84.23.5,2023.0,
Деятельность Следственного комитета Российской Федерации,84.23.5,2024.0,0.012195121951219513
"Деятельность Главного военного следственного управления, главных следственных управлений и следственных управлений Следственного комитета Российской Федерации по субъектам Российской Федерации (в том числе подразделений указанных управлений по административным округам) и приравненных к ним специализированных (в том числе военных) следственных управлений и следственных отделов Следственного комитета Российской Федерации",84.23.52,2021.0,0.018691588785046728
"Деятельность Главного военного следственного управления, главных следственных управлений и следственных управлений Следственного комитета Российской Федерации по субъектам Российской Федерации (в том числе подразделений указанных управлений по административным округам) и приравненных к ним специализированных (в том числе военных) следственных управлений и следственных отделов Следственного комитета Российской Федерации",84.23.52,2022.0,0.016666666666666666
"Деятельность Главного военного следственного управления, главных следственных управлений и следственных управлений Следственного комитета Российской Федерации по субъектам Российской Федерации (в том числе подразделений указанных управлений по административным округам) и приравненных к ним специализированных (в том числе военных) следственных управлений и следственных отделов Следственного комитета Российской Федерации",84.23.52,2023.0,
"Деятельность Главного военного следственного управления, главных следственных управлений и следственных управлений Следственного комитета Российской Федерации по субъектам Российской Федерации (в том числе подразделений указанных управлений по административным округам) и приравненных к ним специализированных (в том числе военных) следственных управлений и следственных отделов Следственного комитета Российской Федерации",84.23.52,2024.0,0.006493506493506494
Деятельность по обеспечению безопасности в чрезвычайных ситуациях; деятельность по обеспечению безопасности в области использования атомной энергии,84.25,2024.0,
Деятельность по обеспечению безопасности в чрезвычайных ситуациях прочая,84.25.9,2024.0,
Деятельность в области обязательного социального обеспечения,84.30,2021.0,0.030035335689045935
Деятельность в области обязательного социального обеспечения,84.30,2022.0,0.05504587155963303
Деятельность в области обязательного социального обеспечения,84.30,2023.0,0.047619047619047616
Деятельность в области обязательного социального обеспечения,84.30,2024.0,0.039660056657223795
Образование высшее,85.22,2020.0,0.0835635359116022
Образование высшее,85.22,2021.0,0.10170697012802275
Образование высшее,85.22,2022.0,0.12202380952380952
Образование высшее,85.22,2023.0,0.11662904439428141
Образование высшее,85.22,2024.0,0.14776883686905634
"Высшее образование, подготовка кадров высшей квалификации",85.22.01.АГ,2021.0,0.08513779527559055
"Высшее образование, подготовка кадров высшей квалификации",85.22.01.АГ,2022.0,0.10719834282755049
"Высшее образование, подготовка кадров высшей квалификации",85.22.01.АГ,2023.0,0.09578947368421052
"Высшее образование, подготовка кадров высшей квалификации",85.22.01.АГ,2024.0,0.11941848390446522
Образование высшее - бакалавриат,85.22.1,2021.0,0.05588235294117647
Образование высшее - бакалавриат,85.22.1,2022.0,0.08895705521472393
Образование высшее - бакалавриат,85.22.1,2023.0,0.08529411764705883
Образование высшее - бакалавриат,85.22.1,2024.0,0.10601719197707736
Образование высшее - специалитет,85.22.2,2021.0,0.05263157894736842
Образование высшее - специалитет,85.22.2,2022.0,0.1111111111111111
Образование высшее - специалитет,85.22.2,2023.0,0.027777777777777776
Образование высшее - специалитет,85.22.2,2024.0,0.0975609756097561
Образование высшее - магистратура,85.22.3,2021.0,0.1
Образование высшее - магистратура,85.22.3,2022.0,0.25
Образование высшее - магистратура,85.22.3,2023.0,0.07692307692307693
Образование высшее - магистратура,85.22.3,2024.0,
Подготовка кадров высшей квалификации,85.23,2020.0,0.0326678765880217
Подготовка кадров высшей квалификации,85.23,2021.0,0.04792332268370607
Подготовка кадров высшей квалификации,85.23,2022.0,0.07325383304940375
Подготовка кадров высшей квалификации,85.23,2023.0,0.047285464098073555
Подготовка кадров высшей квалификации,85.23,2024.0,0.05008944543828265
"Деятельность в сфере высшего образования, подготовки кадров высшей квалификации, здравоохранения и социальных услуг, культуры, спорта, организации досуга и развлечений",85.91.01.АГ,2021.0,0.03125150711357608
"Деятельность в сфере высшего образования, подготовки кадров высшей квалификации, здравоохранения и социальных услуг, культуры, спорта, организации досуга и развлечений",85.91.01.АГ,2022.0,0.06019904129255177
"Деятельность в сфере высшего образования, подготовки кадров высшей квалификации, здравоохранения и социальных услуг, культуры, спорта, организации досуга и развлечений",85.91.01.АГ,2023.0,0.03569265065787879
"Деятельность в сфере высшего образования, подготовки кадров высшей квалификации, здравоохранения и социальных услуг, культуры, спорта, организации досуга и развлечений",85.91.01.АГ,2024.0,0.03731081428805352
Деятельность в области здравоохранения,86,2021.0,0.036318356334959015
Деятельность в области здравоохранения,86,2022.0,0.06950339558573854
Деятельность в области здравоохранения,86,2023.0,0.052837148746880766
Деятельность в области здравоохранения,86,2024.0,0.07014716940595123
Деятельность больничных организаций,86.10,2021.0,0.04303510758776897
Деятельность больничных организаций,86.10,2022.0,0.07708674304418986
Деятельность больничных организаций,86.10,2023.0,0.06296976783029898
Деятельность больничных организаций,86.10,2024.0,0.08358458961474037
Медицинская и стоматологическая практика,86.2,2021.0,0.030226700251889168
Медицинская и стоматологическая практика,86.2,2022.0,0.06017699115044248
Медицинская и стоматологическая практика,86.2,2023.0,0.035977859778597784
Медицинская и стоматологическая практика,86.2,2024.0,0.034203420342034205
Общая врачебная практика,86.21,2021.0,0.02909090909090909
Общая врачебная практика,86.21,2022.0,0.06177606177606178
Общая врачебная практика,86.21,2023.0,0.04132231404958678
Общая врачебная практика,86.21,2024.0,0.043912175648702596
Специальная врачебная практика,86.22,2021.0,
Специальная врачебная практика,86.22,2022.0,
Специальная врачебная практика,86.22,2023.0,
Специальная врачебная практика,86.22,2024.0,0.058823529411764705
Специальная врачебная практика прочая,86.22.9,2023.0,
Специальная врачебная практика прочая,86.22.9,2024.0,0.2
Стоматологическая практика,86.23,2021.0,0.03184713375796178
Стоматологическая практика,86.23,2022.0,0.05970149253731343
Стоматологическая практика,86.23,2023.0,0.03209459459459459
Стоматологическая практика,86.23,2024.0,0.025295109612141653
Деятельность в области медицины прочая,86.90,2021.0,0.02119205298013245
Деятельность в области медицины прочая,86.90,2022.0,0.05311355311355311
Деятельность в области медицины прочая,86.90,2023.0,0.03308480894687791
Деятельность в области медицины прочая,86.90,2024.0,0.05206463195691203
Деятельность организаций санитарно-эпидемиологической службы,86.90.1,2021.0,0.022292993630573247
Деятельность организаций санитарно-эпидемиологической службы,86.90.1,2022.0,0.048109965635738834
Деятельность организаций санитарно-эпидемиологической службы,86.90.1,2023.0,0.019455252918287938
Деятельность организаций санитарно-эпидемиологической службы,86.90.1,2024.0,0.00819672131147541
Деятельность организаций судебно-медицинской экспертизы,86.90.2,2021.0,0.011627906976744186
Деятельность организаций судебно-медицинской экспертизы,86.90.2,2022.0,0.011627906976744186
Деятельность организаций судебно-медицинской экспертизы,86.90.2,2023.0,0.03007518796992481
Деятельность организаций судебно-медицинской экспертизы,86.90.2,2024.0,0.30601092896174864
Деятельность массажных салонов,86.90.3,2021.0,
Деятельность массажных салонов,86.90.3,2022.0,
Деятельность массажных салонов,86.90.3,2023.0,
Деятельность массажных салонов,86.90.3,2024.0,
Деятельность санаторно-курортных организаций,86.90.4,2021.0,0.026624068157614485
Деятельность санаторно-курортных организаций,86.90.4,2022.0,0.07538802660753881
Деятельность санаторно-курортных организаций,86.90.4,2023.0,0.05
Деятельность санаторно-курортных организаций,86.90.4,2024.0,0.03926096997690531
Деятельность в области психического здоровья,86.90.5,2023.0,
Деятельность в области психического здоровья,86.90.5,2024.0,0.25
"Деятельность в области медицины прочая, не включенная в другие группировки",86.90.9,2021.0,0.01616915422885572
"Деятельность в области медицины прочая, не включенная в другие группировки",86.90.9,2022.0,0.03911342894393742
"Деятельность в области медицины прочая, не включенная в другие группировки",86.90.9,2023.0,0.02132701421800948
"Деятельность в области медицины прочая, не включенная в другие группировки",86.90.9,2024.0,0.02466367713004484
Деятельность по уходу с обеспечением проживания,87,2021.0,0.03392468098350451
Деятельность по уходу с обеспечением проживания,87,2022.0,0.05961719485409476
Деятельность по уходу с обеспечением проживания,87,2023.0,0.027061044682190057
Деятельность по уходу с обеспечением проживания,87,2024.0,0.02120253164556962
Деятельность по медицинскому уходу с обеспечением проживания,87.10,2021.0,0.0392156862745098
Деятельность по медицинскому уходу с обеспечением проживания,87.10,2022.0,0.07317073170731707
Деятельность по медицинскому уходу с обеспечением проживания,87.10,2023.0,
Деятельность по медицинскому уходу с обеспечением проживания,87.10,2024.0,
"Деятельность по оказанию помощи на дому для лиц с ограниченными возможностями развития, душевнобольным и наркозависимым",87.20,2021.0,
"Деятельность по оказанию помощи на дому для лиц с ограниченными возможностями развития, душевнобольным и наркозависимым",87.20,2022.0,
"Деятельность по оказанию помощи на дому для лиц с ограниченными возможностями развития, душевнобольным и наркозависимым",87.20,2023.0,
"Деятельность по оказанию помощи на дому для лиц с ограниченными возможностями развития, душевнобольным и наркозависимым",87.20,2024.0,
Деятельность по уходу за престарелыми и инвалидами с обеспечением проживания,87.30,2021.0,0.03910614525139665
Деятельность по уходу за престарелыми и инвалидами с обеспечением проживания,87.30,2022.0,0.07116104868913857
Деятельность по уходу за престарелыми и инвалидами с обеспечением проживания,87.30,2023.0,0.03676470588235294
Деятельность по уходу за престарелыми и инвалидами с обеспечением проживания,87.30,2024.0,0.021739130434782608
Деятельность по уходу с обеспечением проживания прочая,87.90,2021.0,0.033102386451116246
Деятельность по уходу с обеспечением проживания прочая,87.90,2022.0,0.057796741660201705
Деятельность по уходу с обеспечением проживания прочая,87.90,2023.0,0.02562111801242236
Деятельность по уходу с обеспечением проживания прочая,87.90,2024.0,0.021492770613520906
Предоставление социальных услуг без обеспечения проживания,88,2021.0,0.025595984943538267
Предоставление социальных услуг без обеспечения проживания,88,2022.0,0.05704616872129562
Предоставление социальных услуг без обеспечения проживания,88,2023.0,0.027517064846416382
Предоставление социальных услуг без обеспечения проживания,88,2024.0,0.022683583237216455
Предоставление социальных услуг без обеспечения проживания престарелым и инвалидам,88.10,2021.0,0.02691588785046729
Предоставление социальных услуг без обеспечения проживания престарелым и инвалидам,88.10,2022.0,0.05501497005988024
Предоставление социальных услуг без обеспечения проживания престарелым и инвалидам,88.10,2023.0,0.02507267441860465
Предоставление социальных услуг без обеспечения проживания престарелым и инвалидам,88.10,2024.0,0.022924626606460576
Предоставление прочих социальных услуг без обеспечения проживания,88.9,2021.0,0.022900763358778626
Предоставление прочих социальных услуг без обеспечения проживания,88.9,2022.0,0.06075085324232082
Предоставление прочих социальных услуг без обеспечения проживания,88.9,2023.0,0.030991735537190084
Предоставление прочих социальных услуг без обеспечения проживания,88.9,2024.0,0.02238484718037021
Предоставление услуг по дневному уходу за детьми,88.91,2021.0,
Предоставление услуг по дневному уходу за детьми,88.91,2022.0,0.0684931506849315
Предоставление услуг по дневному уходу за детьми,88.91,2023.0,0.04597701149425287
Предоставление услуг по дневному уходу за детьми,88.91,2024.0,0.042105263157894736
"Предоставление прочих социальных услуг без обеспечения проживания, не включенных в другие группировки",88.99,2021.0,0.024057738572574178
"Предоставление прочих социальных услуг без обеспечения проживания, не включенных в другие группировки",88.99,2022.0,0.0603448275862069
"Предоставление прочих социальных услуг без обеспечения проживания, не включенных в другие группировки",88.99,2023.0,0.03028664142779881
"Предоставление прочих социальных услуг без обеспечения проживания, не включенных в другие группировки",88.99,2024.0,0.02154398563734291
"Деятельность творческая, деятельность в области искусства и организации развлечений",90.0,2021.0,0.02126829268292683
"Деятельность творческая, деятельность в области искусства и организации развлечений",90.0,2022.0,0.04753451676528599
"Деятельность творческая, деятельность в области искусства и организации развлечений",90.0,2023.0,0.02381658266627137
"Деятельность творческая, деятельность в области искусства и организации развлечений",90.0,2024.0,0.020795916438226675
Деятельность в области исполнительских искусств,90.01,2021.0,0.024509803921568627
Деятельность в области исполнительских искусств,90.01,2022.0,0.05733944954128441
Деятельность в области исполнительских искусств,90.01,2023.0,0.026785714285714284
Деятельность в области исполнительских искусств,90.01,2024.0,0.024305555555555556
"Деятельность вспомогательная, связанная с исполнительскими искусствами",90.02,2021.0,0.1111111111111111
"Деятельность вспомогательная, связанная с исполнительскими искусствами",90.02,2022.0,0.038461538461538464
"Деятельность вспомогательная, связанная с исполнительскими искусствами",90.02,2023.0,
"Деятельность вспомогательная, связанная с исполнительскими искусствами",90.02,2024.0,0.03389830508474576
Деятельность в области художественного творчества,90.03,2021.0,0.022556390977443608
Деятельность в области художественного творчества,90.03,2022.0,0.06015037593984962
Деятельность в области художественного творчества,90.03,2023.0,0.018518518518518517
Деятельность в области художественного творчества,90.03,2024.0,0.03428571428571429
Деятельность художников,90.03.2,2024.0,
Деятельность в области художественного творчества прочая,90.03.9,2023.0,
Деятельность в области художественного творчества прочая,90.03.9,2024.0,
Деятельность учреждений культуры и искусства,90.04,2021.0,0.02079069266400948
Деятельность учреждений культуры и искусства,90.04,2022.0,0.04643758919749698
Деятельность учреждений культуры и искусства,90.04,2023.0,0.02369455362156092
Деятельность учреждений культуры и искусства,90.04,2024.0,0.02001522897857065
"Деятельность концертных залов, театров, оперных зданий, мюзик-холлов, включая услуги билетных касс",90.04.1,2021.0,0.026223776223776224
"Деятельность концертных залов, театров, оперных зданий, мюзик-холлов, включая услуги билетных касс",90.04.1,2022.0,0.07446808510638298
"Деятельность концертных залов, театров, оперных зданий, мюзик-холлов, включая услуги билетных касс",90.04.1,2023.0,0.046632124352331605
"Деятельность концертных залов, театров, оперных зданий, мюзик-холлов, включая услуги билетных касс",90.04.1,2024.0,0.04835924006908463
Деятельность многоцелевых центров и подобных заведений с преобладанием культурного обслуживания,90.04.2,2021.0,0.026334026334026334
Деятельность многоцелевых центров и подобных заведений с преобладанием культурного обслуживания,90.04.2,2022.0,0.04803202134756504
Деятельность многоцелевых центров и подобных заведений с преобладанием культурного обслуживания,90.04.2,2023.0,0.023019634394041977
Деятельность многоцелевых центров и подобных заведений с преобладанием культурного обслуживания,90.04.2,2024.0,0.021917808219178082
"Деятельность учреждений клубного типа: клубов, дворцов и домов культуры, домов народного творчества",90.04.3,2021.0,0.01945773524720893
"Деятельность учреждений клубного типа: клубов, дворцов и домов культуры, домов народного творчества",90.04.3,2022.0,0.042636930141029844
"Деятельность учреждений клубного типа: клубов, дворцов и домов культуры, домов народного творчества",90.04.3,2023.0,0.02079037800687285
"Деятельность учреждений клубного типа: клубов, дворцов и домов культуры, домов народного творчества",90.04.3,2024.0,0.016690973910225247
"Деятельность библиотек, архивов, музеев и прочих объектов культуры",91.0,2021.0,0.027064862342510498
"Деятельность библиотек, архивов, музеев и прочих объектов культуры",91.0,2022.0,0.05143839899937461
"Деятельность библиотек, архивов, музеев и прочих объектов культуры",91.0,2023.0,0.02869757174392936
"Деятельность библиотек, архивов, музеев и прочих объектов культуры",91.0,2024.0,0.027009222661396576
Деятельность библиотек и архивов,91.01,2021.0,0.030142271521581866
Деятельность библиотек и архивов,91.01,2022.0,0.05046545810877021
Деятельность библиотек и архивов,91.01,2023.0,0.032054517920242304
Деятельность библиотек и архивов,91.01,2024.0,0.03144827586206896
Деятельность музеев,91.02,2021.0,0.020931449502878074
Деятельность музеев,91.02,2022.0,0.05005107252298264
Деятельность музеев,91.02,2023.0,0.022022022022022022
Деятельность музеев,91.02,2024.0,0.02056807051909892
"Деятельность по охране исторических мест и зданий, памятников культуры",91.03,2021.0,0.012345679012345678
"Деятельность по охране исторических мест и зданий, памятников культуры",91.03,2022.0,0.0547945205479452
"Деятельность по охране исторических мест и зданий, памятников культуры",91.03,2023.0,
"Деятельность по охране исторических мест и зданий, памятников культуры",91.03,2024.0,0.02586206896551724
"Деятельность ботанических садов, зоопарков, государственных природных заповедников и национальных парков",91.04,2021.0,0.027586206896551724
"Деятельность ботанических садов, зоопарков, государственных природных заповедников и национальных парков",91.04,2022.0,0.07420494699646643
"Деятельность ботанических садов, зоопарков, государственных природных заповедников и национальных парков",91.04,2023.0,0.03832752613240418
"Деятельность ботанических садов, зоопарков, государственных природных заповедников и национальных парков",91.04,2024.0,0.01730103806228374
Деятельность зоопарков,91.04.1,2021.0,0.03225806451612903
Деятельность зоопарков,91.04.1,2022.0,0.13333333333333333
Деятельность зоопарков,91.04.1,2023.0,0.02857142857142857
Деятельность зоопарков,91.04.1,2024.0,
Деятельность государственных природных заповедников (в том числе биосферных),91.04.2,2021.0,0.06060606060606061
Деятельность государственных природных заповедников (в том числе биосферных),91.04.2,2022.0,0.11428571428571428
Деятельность государственных природных заповедников (в том числе биосферных),91.04.2,2023.0,0.07894736842105263
Деятельность государственных природных заповедников (в том числе биосферных),91.04.2,2024.0,0.023809523809523808
Деятельность национальных парков,91.04.3,2021.0,
Деятельность национальных парков,91.04.3,2022.0,
Деятельность национальных парков,91.04.3,2023.0,0.041666666666666664
Деятельность национальных парков,91.04.3,2024.0,0.03333333333333333
Деятельность природных парков,91.04.4,2021.0,
Деятельность природных парков,91.04.4,2022.0,
Деятельность природных парков,91.04.4,2023.0,
Деятельность природных парков,91.04.4,2024.0,
Деятельность природных заказников,91.04.5,2021.0,
Деятельность природных заказников,91.04.5,2022.0,0.25
Деятельность природных заказников,91.04.5,2023.0,0.14285714285714285
Деятельность природных заказников,91.04.5,2024.0,
Деятельность дендрологических парков и ботанических садов,91.04.6,2021.0,
Деятельность дендрологических парков и ботанических садов,91.04.6,2022.0,
Деятельность дендрологических парков и ботанических садов,91.04.6,2023.0,
Деятельность дендрологических парков и ботанических садов,91.04.6,2024.0,
"Деятельность по организации и проведению азартных игр и заключению пари, по организации и проведению лотерей",92,2021.0,0.006472491909385114
"Деятельность по организации и проведению азартных игр и заключению пари, по организации и проведению лотерей",92,2022.0,0.014925373134328358
"Деятельность по организации и проведению азартных игр и заключению пари, по организации и проведению лотерей",92,2023.0,0.039301310043668124
"Деятельность по организации и проведению азартных игр и заключению пари, по организации и проведению лотерей",92,2024.0,0.011904761904761904
Деятельность по организации и проведению азартных игр и заключения пари,92.1,2021.0,0.0033222591362126247
Деятельность по организации и проведению азартных игр и заключения пари,92.1,2022.0,0.0106951871657754
Деятельность по организации и проведению азартных игр и заключения пари,92.1,2023.0,0.03317535545023697
Деятельность по организации и проведению азартных игр и заключения пари,92.1,2024.0,
Деятельность казино,92.11,2021.0,
Деятельность казино,92.11,2022.0,0.043478260869565216
Деятельность казино,92.11,2023.0,
Деятельность казино,92.11,2024.0,
Деятельность залов игровых автоматов,92.12,2021.0,
Деятельность залов игровых автоматов,92.12,2022.0,
Деятельность залов игровых автоматов,92.12,2023.0,
Деятельность залов игровых автоматов,92.12,2024.0,
Деятельность по организации заключения пари,92.13,2021.0,0.0035587188612099642
Деятельность по организации заключения пари,92.13,2022.0,0.006097560975609756
Деятельность по организации заключения пари,92.13,2023.0,0.03626943005181347
Деятельность по организации заключения пари,92.13,2024.0,
Деятельность по организации и проведению лотерей,92.2,2021.0,0.125
Деятельность по организации и проведению лотерей,92.2,2022.0,0.07142857142857142
Деятельность по организации и проведению лотерей,92.2,2023.0,0.1111111111111111
Деятельность по организации и проведению лотерей,92.2,2024.0,0.12
Деятельность операторов лотерей,92.22,2021.0,
Деятельность операторов лотерей,92.22,2022.0,
Деятельность операторов лотерей,92.22,2023.0,
Деятельность операторов лотерей,92.22,2024.0,0.25
Деятельность распространителей лотерейных билетов,92.23,2021.0,0.2
Деятельность распространителей лотерейных билетов,92.23,2022.0,0.08333333333333333
Деятельность распространителей лотерейных билетов,92.23,2023.0,0.125
Деятельность распространителей лотерейных билетов,92.23,2024.0,0.09523809523809523
"Деятельность в области спорта, отдыха и развлечений",93,2021.0,0.02991985752448798
"Деятельность в области спорта, отдыха и развлечений",93,2022.0,0.06548142932582292
"Деятельность в области спорта, отдыха и развлечений",93,2023.0,0.02805575411007863
"Деятельность в области спорта, отдыха и развлечений",93,2024.0,0.022403584573531764
Деятельность в области спорта,93.1,2021.0,0.029140461215932913
Деятельность в области спорта,93.1,2022.0,0.06615512235586893
Деятельность в области спорта,93.1,2023.0,0.03068943159714718
Деятельность в области спорта,93.1,2024.0,0.022793123430558237
Деятельность спортивных объектов,93.11,2021.0,0.02736726874657909
Деятельность спортивных объектов,93.11,2022.0,0.0647887323943662
Деятельность спортивных объектов,93.11,2023.0,0.03308823529411765
Деятельность спортивных объектов,93.11,2024.0,0.0234375
Деятельность спортивных клубов,93.12,2021.0,0.026859504132231406
Деятельность спортивных клубов,93.12,2022.0,0.05935251798561151
Деятельность спортивных клубов,93.12,2023.0,0.021468926553672316
Деятельность спортивных клубов,93.12,2024.0,0.009282700421940928
Деятельность фитнес-центров,93.13,2021.0,0.125
Деятельность фитнес-центров,93.13,2022.0,0.1111111111111111
Деятельность фитнес-центров,93.13,2023.0,0.038461538461538464
Деятельность фитнес-центров,93.13,2024.0,0.05555555555555555
Деятельность в области спорта прочая,93.19,2021.0,0.03029062627916496
Деятельность в области спорта прочая,93.19,2022.0,0.06833805095026284
Деятельность в области спорта прочая,93.19,2023.0,0.03255587949465501
Деятельность в области спорта прочая,93.19,2024.0,0.028795811518324606
Деятельность в области отдыха и развлечений,93.2,2021.0,0.03431952662721893
Деятельность в области отдыха и развлечений,93.2,2022.0,0.06169965075669383
Деятельность в области отдыха и развлечений,93.2,2023.0,0.015479876160990712
Деятельность в области отдыха и развлечений,93.2,2024.0,0.020522388059701493
Деятельность парков культуры и отдыха и тематических парков,93.21,2021.0,0.02
Деятельность парков культуры и отдыха и тематических парков,93.21,2022.0,0.05508474576271186
Деятельность парков культуры и отдыха и тематических парков,93.21,2023.0,0.008264462809917356
Деятельность парков культуры и отдыха и тематических парков,93.21,2024.0,0.01568627450980392
Деятельность зрелищно-развлекательная прочая,93.29,2021.0,0.040336134453781515
Деятельность зрелищно-развлекательная прочая,93.29,2022.0,0.06420545746388442
Деятельность по организации отдыха и развлечений прочая,93.29,2023.0,0.017881705639614855
Деятельность по организации отдыха и развлечений прочая,93.29,2024.0,0.022031823745410038
Деятельность парков отдыха и пляжей,93.29.1,2021.0,0.25
Деятельность парков отдыха и пляжей,93.29.1,2022.0,0.14285714285714285
Деятельность парков отдыха и пляжей,93.29.1,2023.0,
Деятельность парков отдыха и пляжей,93.29.1,2024.0,
"Деятельность танцплощадок, дискотек, школ танцев",93.29.2,2021.0,0.025974025974025976
"Деятельность танцплощадок, дискотек, школ танцев",93.29.2,2022.0,0.05555555555555555
"Деятельность танцплощадок, дискотек, школ танцев",93.29.2,2023.0,0.0125
"Деятельность танцплощадок, дискотек, школ танцев",93.29.2,2024.0,0.024096385542168676
"Организация обрядов (свадеб, юбилеев), в т.ч. музыкальное сопровождение",93.29.3,2021.0,
"Организация обрядов (свадеб, юбилеев), в т.ч. музыкальное сопровождение",93.29.3,2022.0,
"Организация обрядов (свадеб, юбилеев), в т.ч. музыкальное сопровождение",93.29.3,2023.0,
"Организация обрядов (свадеб, юбилеев), в т.ч. музыкальное сопровождение",93.29.3,2024.0,
Деятельность компьютерных клубов,93.29.4,2024.0,
"Деятельность зрелищно-развлекательная прочая, не включенная в другие группировки",93.29.9,2021.0,0.046753246753246755
"Деятельность зрелищно-развлекательная прочая, не включенная в другие группировки",93.29.9,2022.0,0.06419753086419754
"Деятельность зрелищно-развлекательная прочая, не включенная в другие группировки",93.29.9,2023.0,0.017316017316017316
"Деятельность зрелищно-развлекательная прочая, не включенная в другие группировки",93.29.9,2024.0,0.02127659574468085
"Ремонт компьютеров, предметов личного потребления и хозяйственно",95,2020.0,0.0041493775933609
"Ремонт компьютеров, предметов личного потребления и хозяйственно-бытового назначения",95,2021.0,0.013972055888223553
"Ремонт компьютеров, предметов личного потребления и хозяйственно-бытового назначения",95,2022.0,0.02109704641350211
"Ремонт компьютеров, предметов личного потребления и хозяйственно-бытового назначения",95,2023.0,0.010706638115631691
"Ремонт компьютеров, предметов личного потребления и хозяйственно-бытового назначения",95,2024.0,0.0043859649122807015
Ремонт компьютеров и коммуникационного оборудования,95.1,2022.0,0.017777777777777778
Ремонт компьютеров и коммуникационного оборудования,95.1,2023.0,0.011312217194570135
Ремонт компьютеров и коммуникационного оборудования,95.1,2024.0,0.0045871559633027525
Ремонт компьютеров и периферийного компьютерного оборудования,95.11,2022.0,0.00963855421686747
Ремонт компьютеров и периферийного компьютерного оборудования,95.11,2023.0,0.007263922518159807
Ремонт компьютеров и периферийного компьютерного оборудования,95.11,2024.0,0.0049261083743842365
Ремонт коммуникационного оборудования,95.12,2022.0,0.11428571428571428
Ремонт коммуникационного оборудования,95.12,2023.0,0.06896551724137931
Ремонт коммуникационного оборудования,95.12,2024.0,
Ремонт предметов личного потребления и хозяйственно-бытового назначения,95.2,2022.0,0.08333333333333333
Ремонт предметов личного потребления и хозяйственно-бытового назначения,95.2,2023.0,
Ремонт предметов личного потребления и хозяйственно-бытового назначения,95.2,2024.0,
Ремонт электронной бытовой техники,95.21,2022.0,0.125
Ремонт электронной бытовой техники,95.21,2023.0,
Ремонт электронной бытовой техники,95.21,2024.0,
"Ремонт бытовых приборов, домашнего и садового инвентаря",95.22,2022.0,0.125
"Ремонт бытовых приборов, домашнего и садового инвентаря",95.22,2023.0,
"Ремонт бытовых приборов, домашнего и садового инвентаря",95.22,2024.0,
Ремонт бытовой техники,95.22.1,2022.0,0.125
Ремонт бытовой техники,95.22.1,2023.0,
Ремонт бытовой техники,95.22.1,2024.0,
Ремонт обуви и прочих изделий из кожи,95.23,2022.0,
Ремонт обуви и прочих изделий из кожи,95.23,2023.0,
Ремонт обуви и прочих изделий из кожи,95.23,2024.0,
Ремонт мебели и предметов домашнего обихода,95.24,2023.0,
Ремонт мебели,95.24.1,2023.0,
Ремонт часов и ювелирных изделий,95.25,2022.0,
Ремонт часов и ювелирных изделий,95.25,2023.0,
Ремонт часов и ювелирных изделий,95.25,2024.0,
Ремонт ювелирных изделий,95.25.2,2023.0,
Ремонт ювелирных изделий,95.25.2,2024.0,
Ремонт прочих предметов личного потребления и бытовых товаров,95.29,2022.0,
Ремонт прочих предметов личного потребления и бытовых товаров,95.29,2023.0,
Ремонт прочих предметов личного потребления и бытовых товаров,95.29,2024.0,
Ремонт одежды и текстильных изделий,95.29.1,2022.0,
Ремонт одежды и текстильных изделий,95.29.1,2023.0,
Ремонт одежды и текстильных изделий,95.29.1,2024.0,
Ремонт одежды,95.29.11,2022.0,
Ремонт одежды,95.29.11,2024.0,
Ремонт спортивного и туристского оборудования,95.29.2,2022.0,
Ремонт спортивного и туристского оборудования,95.29.2,2024.0,
Ремонт металлоизделий бытового и хозяйственного назначения,95.29.4,2022.0,
Ремонт металлоизделий бытового и хозяйственного назначения,95.29.4,2023.0,
Ремонт металлоизделий бытового и хозяйственного назначения,95.29.4,2024.0,
Ремонт предметов и изделий из металла,95.29.41,2022.0,
Ремонт предметов и изделий из металла,95.29.41,2023.0,
Ремонт предметов и изделий из металла,95.29.41,2024.0,
"Ремонт металлической галантереи, ключей, номерных знаков, указателей улиц",95.29.42,2024.0,
Ремонт велосипедов,95.29.6,2024.0,
"Ремонт прочих бытовых изделий и предметов личного пользования, не вошедших в другие группировки",95.29.9,2023.0,
"СЕЛЬСКОЕ, ЛЕСНОЕ ХОЗЯЙСТВО, ОХОТА, РЫБОЛОВСТВО И РЫБОВОДСТВО",A,2020.0,0.0222582387898433
"СЕЛЬСКОЕ, ЛЕСНОЕ ХОЗЯЙСТВО, ОХОТА, РЫБОЛОВСТВО И РЫБОВОДСТВО",A,2021.0,0.03819503126584418
"СЕЛЬСКОЕ, ЛЕСНОЕ ХОЗЯЙСТВО, ОХОТА, РЫБОЛОВСТВО И РЫБОВОДСТВО",A,2022.0,0.06425561797752809
"СЕЛЬСКОЕ, ЛЕСНОЕ ХОЗЯЙСТВО, ОХОТА, РЫБОЛОВСТВО И РЫБОВОДСТВО",A,2023.0,0.03206692227256884
"СЕЛЬСКОЕ, ЛЕСНОЕ ХОЗЯЙСТВО, ОХОТА, РЫБОЛОВСТВО И РЫБОВОДСТВО",A,2024.0,0.02466134074331365
ДОБЫЧА ПОЛЕЗНЫХ ИСКОПАЕМЫХ,B,2020.0,0.0245082231538213
ДОБЫЧА ПОЛЕЗНЫХ ИСКОПАЕМЫХ,B,2021.0,0.03893355903512484
ДОБЫЧА ПОЛЕЗНЫХ ИСКОПАЕМЫХ,B,2022.0,0.04720133667502088
ДОБЫЧА ПОЛЕЗНЫХ ИСКОПАЕМЫХ,B,2023.0,0.02875924404272802
ДОБЫЧА ПОЛЕЗНЫХ ИСКОПАЕМЫХ,B,2024.0,0.028312570781426953
ОБРАБАТЫВАЮЩИЕ ПРОИЗВОДСТВА,C,2020.0,0.0360471344402785
ОБРАБАТЫВАЮЩИЕ ПРОИЗВОДСТВА,C,2021.0,0.045502514122540194
ОБРАБАТЫВАЮЩИЕ ПРОИЗВОДСТВА,C,2022.0,0.0645689341578756
ОБРАБАТЫВАЮЩИЕ ПРОИЗВОДСТВА,C,2023.0,0.04203993208033257
ОБРАБАТЫВАЮЩИЕ ПРОИЗВОДСТВА,C,2024.0,0.03883336064230706
"ОБЕСПЕЧЕНИЕ ЭЛЕКТРИЧЕСКОЙ ЭНЕРГИЕЙ, ГАЗОМ И ПАРОМ; КОНДИЦИОНИРОВАНИЕ ВОЗДУХА",D,2020.0,0.0328194927896568
"ОБЕСПЕЧЕНИЕ ЭЛЕКТРИЧЕСКОЙ ЭНЕРГИЕЙ, ГАЗОМ И ПАРОМ; КОНДИЦИОНИРОВАНИЕ ВОЗДУХА",D,2021.0,0.04318272690923631
"ОБЕСПЕЧЕНИЕ ЭЛЕКТРИЧЕСКОЙ ЭНЕРГИЕЙ, ГАЗОМ И ПАРОМ; КОНДИЦИОНИРОВАНИЕ ВОЗДУХА",D,2022.0,0.053741634556885014
"ОБЕСПЕЧЕНИЕ ЭЛЕКТРИЧЕСКОЙ ЭНЕРГИЕЙ, ГАЗОМ И ПАРОМ; КОНДИЦИОНИРОВАНИЕ ВОЗДУХА",D,2023.0,0.05178928650811292
"ОБЕСПЕЧЕНИЕ ЭЛЕКТРИЧЕСКОЙ ЭНЕРГИЕЙ, ГАЗОМ И ПАРОМ; КОНДИЦИОНИРОВАНИЕ ВОЗДУХА",D,2024.0,0.05530164533820841
"ВОДОСНАБЖЕНИЕ; ВОДООТВЕДЕНИЕ, ОРГАНИЗАЦИЯ СБОРА И УТИЛИЗАЦИИ ОТХОДОВ, ДЕЯТЕЛЬНОСТЬ ПО ЛИКВИДАЦИИ ЗАГРЯЗНЕНИЙ",E,2020.0,0.0246012435793457
"ВОДОСНАБЖЕНИЕ; ВОДООТВЕДЕНИЕ, ОРГАНИЗАЦИЯ СБОРА И УТИЛИЗАЦИИ ОТХОДОВ, ДЕЯТЕЛЬНОСТЬ ПО ЛИКВИДАЦИИ ЗАГРЯЗНЕНИЙ",E,2021.0,0.038128249566724434
"ВОДОСНАБЖЕНИЕ; ВОДООТВЕДЕНИЕ, ОРГАНИЗАЦИЯ СБОРА И УТИЛИЗАЦИИ ОТХОДОВ, ДЕЯТЕЛЬНОСТЬ ПО ЛИКВИДАЦИИ ЗАГРЯЗНЕНИЙ",E,2022.0,0.06798096532970768
"ВОДОСНАБЖЕНИЕ; ВОДООТВЕДЕНИЕ, ОРГАНИЗАЦИЯ СБОРА И УТИЛИЗАЦИИ ОТХОДОВ, ДЕЯТЕЛЬНОСТЬ ПО ЛИКВИДАЦИИ ЗАГРЯЗНЕНИЙ",E,2023.0,0.04240996297542915
"ВОДОСНАБЖЕНИЕ; ВОДООТВЕДЕНИЕ, ОРГАНИЗАЦИЯ СБОРА И УТИЛИЗАЦИИ ОТХОДОВ, ДЕЯТЕЛЬНОСТЬ ПО ЛИКВИДАЦИИ ЗАГРЯЗНЕНИЙ",E,2024.0,0.03823427181091415
СТРОИТЕЛЬСТВО,F,2020.0,0.0133886870783601
СТРОИТЕЛЬСТВО,F,2021.0,0.025427872860635695
СТРОИТЕЛЬСТВО,F,2022.0,0.052733430091920656
СТРОИТЕЛЬСТВО,F,2023.0,0.03133235724743778
СТРОИТЕЛЬСТВО,F,2024.0,0.026220614828209764
ТОРГОВЛЯ ОПТОВАЯ И РОЗНИЧНАЯ; РЕМОНТ АВТОТРАНСПОРТНЫХ СРЕДСТВ И МОТОЦИКЛОВ,G,2020.0,0.1301085883514313
ТОРГОВЛЯ ОПТОВАЯ И РОЗНИЧНАЯ; РЕМОНТ АВТОТРАНСПОРТНЫХ СРЕДСТВ И МОТОЦИКЛОВ,G,2021.0,0.16972002903076822
ТОРГОВЛЯ ОПТОВАЯ И РОЗНИЧНАЯ; РЕМОНТ АВТОТРАНСПОРТНЫХ СРЕДСТВ И МОТОЦИКЛОВ,G,2022.0,0.18140857392825896
ТОРГОВЛЯ ОПТОВАЯ И РОЗНИЧНАЯ; РЕМОНТ АВТОТРАНСПОРТНЫХ СРЕДСТВ И МОТОЦИКЛОВ,G,2023.0,0.14459971834037483
ТОРГОВЛЯ ОПТОВАЯ И РОЗНИЧНАЯ; РЕМОНТ АВТОТРАНСПОРТНЫХ СРЕДСТВ И МОТОЦИКЛОВ,G,2024.0,0.13328616630308748
ТРАНСПОРТИРОВКА И ХРАНЕНИЕ,H,2020.0,0.0368010843781768
ТРАНСПОРТИРОВКА И ХРАНЕНИЕ,H,2021.0,0.05423674257664762
ТРАНСПОРТИРОВКА И ХРАНЕНИЕ,H,2022.0,0.06404736275565123
ТРАНСПОРТИРОВКА И ХРАНЕНИЕ,H,2023.0,0.06013615733736762
ТРАНСПОРТИРОВКА И ХРАНЕНИЕ,H,2024.0,0.05857702468798397
ДЕЯТЕЛЬНОСТЬ ГОСТИНИЦ И ПРЕДПРИЯТИЙ ОБЩЕСТВЕННОГО ПИТАНИЯ,I,2020.0,0.0969284994964753
ДЕЯТЕЛЬНОСТЬ ГОСТИНИЦ И ПРЕДПРИЯТИЙ ОБЩЕСТВЕННОГО ПИТАНИЯ,I,2021.0,0.11114589855979963
ДЕЯТЕЛЬНОСТЬ ГОСТИНИЦ И ПРЕДПРИЯТИЙ ОБЩЕСТВЕННОГО ПИТАНИЯ,I,2022.0,0.05199724517906336
ДЕЯТЕЛЬНОСТЬ ГОСТИНИЦ И ПРЕДПРИЯТИЙ ОБЩЕСТВЕННОГО ПИТАНИЯ,I,2023.0,0.0360728895500186
ДЕЯТЕЛЬНОСТЬ ГОСТИНИЦ И ПРЕДПРИЯТИЙ ОБЩЕСТВЕННОГО ПИТАНИЯ,I,2024.0,0.022865309038942478
ДЕЯТЕЛЬНОСТЬ В ОБЛАСТИ ИНФОРМАЦИИ И СВЯЗИ,J,2020.0,0.0780599330448273
ДЕЯТЕЛЬНОСТЬ В ОБЛАСТИ ИНФОРМАЦИИ И СВЯЗИ,J,2021.0,0.1146917715216801
ДЕЯТЕЛЬНОСТЬ В ОБЛАСТИ ИНФОРМАЦИИ И СВЯЗИ,J,2022.0,0.12028301886792453
ДЕЯТЕЛЬНОСТЬ В ОБЛАСТИ ИНФОРМАЦИИ И СВЯЗИ,J,2023.0,0.09836467702371218
ДЕЯТЕЛЬНОСТЬ В ОБЛАСТИ ИНФОРМАЦИИ И СВЯЗИ,J,2024.0,0.10666263786070404
ДЕЯТЕЛЬНОСТЬ ФИНАНСОВАЯ И СТРАХОВАЯ,K,2020.0,0.2275041322314049
ДЕЯТЕЛЬНОСТЬ ФИНАНСОВАЯ И СТРАХОВАЯ,K,2021.0,0.15527156549520768
ДЕЯТЕЛЬНОСТЬ ФИНАНСОВАЯ И СТРАХОВАЯ,K,2022.0,0.09464986910994765
ДЕЯТЕЛЬНОСТЬ ФИНАНСОВАЯ И СТРАХОВАЯ,K,2023.0,0.08518067397482744
ДЕЯТЕЛЬНОСТЬ ФИНАНСОВАЯ И СТРАХОВАЯ,K,2024.0,0.07861102556205728
ДЕЯТЕЛЬНОСТЬ ПО ОПЕРАЦИЯМ С НЕДВИЖИМЫМ ИМУЩЕСТВОМ,L,2020.0,0.0178268251273344
ДЕЯТЕЛЬНОСТЬ ПО ОПЕРАЦИЯМ С НЕДВИЖИМЫМ ИМУЩЕСТВОМ,L,2021.0,0.03413877189093328
ДЕЯТЕЛЬНОСТЬ ПО ОПЕРАЦИЯМ С НЕДВИЖИМЫМ ИМУЩЕСТВОМ,L,2022.0,0.05732036103622084
ДЕЯТЕЛЬНОСТЬ ПО ОПЕРАЦИЯМ С НЕДВИЖИМЫМ ИМУЩЕСТВОМ,L,2023.0,0.0466461974492206
ДЕЯТЕЛЬНОСТЬ ПО ОПЕРАЦИЯМ С НЕДВИЖИМЫМ ИМУЩЕСТВОМ,L,2024.0,0.02465909090909091
"ДЕЯТЕЛЬНОСТЬ ПРОФЕССИОНАЛЬНАЯ, НАУЧНАЯ И ТЕХНИЧЕСКАЯ",M,2020.0,0.0211344211344211
"ДЕЯТЕЛЬНОСТЬ ПРОФЕССИОНАЛЬНАЯ, НАУЧНАЯ И ТЕХНИЧЕСКАЯ",M,2021.0,0.03472931562819203
"ДЕЯТЕЛЬНОСТЬ ПРОФЕССИОНАЛЬНАЯ, НАУЧНАЯ И ТЕХНИЧЕСКАЯ",M,2022.0,0.05504102884015548
"ДЕЯТЕЛЬНОСТЬ ПРОФЕССИОНАЛЬНАЯ, НАУЧНАЯ И ТЕХНИЧЕСКАЯ",M,2023.0,0.03715056961156609
"ДЕЯТЕЛЬНОСТЬ ПРОФЕССИОНАЛЬНАЯ, НАУЧНАЯ И ТЕХНИЧЕСКАЯ",M,2024.0,0.03447090174503568
ДЕЯТЕЛЬНОСТЬ АДМИНИСТРАТИВНАЯ И СОПУТСТВУЮЩИЕ ДОПОЛНИТЕЛЬНЫЕ УСЛУГИ,N,2020.0,0.0193110647181628
ДЕЯТЕЛЬНОСТЬ АДМИНИСТРАТИВНАЯ И СОПУТСТВУЮЩИЕ ДОПОЛНИТЕЛЬНЫЕ УСЛУГИ,N,2021.0,0.0379544546544147
ДЕЯТЕЛЬНОСТЬ АДМИНИСТРАТИВНАЯ И СОПУТСТВУЮЩИЕ ДОПОЛНИТЕЛЬНЫЕ УСЛУГИ,N,2022.0,0.05275590551181102
ДЕЯТЕЛЬНОСТЬ АДМИНИСТРАТИВНАЯ И СОПУТСТВУЮЩИЕ ДОПОЛНИТЕЛЬНЫЕ УСЛУГИ,N,2023.0,0.03590568060021436
ДЕЯТЕЛЬНОСТЬ АДМИНИСТРАТИВНАЯ И СОПУТСТВУЮЩИЕ ДОПОЛНИТЕЛЬНЫЕ УСЛУГИ,N,2024.0,0.029516539440203562
ГОСУДАРСТВЕННОЕ УПРАВЛЕНИЕ И ОБЕСПЕЧЕНИЕ ВОЕННОЙ БЕЗОПАСНОСТИ; СОЦИАЛЬНОЕ ОБЕСПЕЧЕНИЕ,O,2020.0,0.0167629116055104
ГОСУДАРСТВЕННОЕ УПРАВЛЕНИЕ И ОБЕСПЕЧЕНИЕ ВОЕННОЙ БЕЗОПАСНОСТИ; СОЦИАЛЬНОЕ ОБЕСПЕЧЕНИЕ,O,2021.0,0.022813355227148332
ГОСУДАРСТВЕННОЕ УПРАВЛЕНИЕ И ОБЕСПЕЧЕНИЕ ВОЕННОЙ БЕЗОПАСНОСТИ; СОЦИАЛЬНОЕ ОБЕСПЕЧЕНИЕ,O,2022.0,0.04323993797907886
ГОСУДАРСТВЕННОЕ УПРАВЛЕНИЕ И ОБЕСПЕЧЕНИЕ ВОЕННОЙ БЕЗОПАСНОСТИ; СОЦИАЛЬНОЕ ОБЕСПЕЧЕНИЕ,O,2023.0,0.02557111760955124
ГОСУДАРСТВЕННОЕ УПРАВЛЕНИЕ И ОБЕСПЕЧЕНИЕ ВОЕННОЙ БЕЗОПАСНОСТИ; СОЦИАЛЬНОЕ ОБЕСПЕЧЕНИЕ,O,2024.0,0.02023731048121292
ДЕЯТЕЛЬНОСТЬ В ОБЛАСТИ ЗДРАВООХРАНЕНИЯ И СОЦИАЛЬНЫХ УСЛУГ,Q,2020.0,0.026185876797596
ДЕЯТЕЛЬНОСТЬ В ОБЛАСТИ ЗДРАВООХРАНЕНИЯ И СОЦИАЛЬНЫХ УСЛУГ,Q,2021.0,0.03332343332343332
ДЕЯТЕЛЬНОСТЬ В ОБЛАСТИ ЗДРАВООХРАНЕНИЯ И СОЦИАЛЬНЫХ УСЛУГ,Q,2022.0,0.06454502030093145
ДЕЯТЕЛЬНОСТЬ В ОБЛАСТИ ЗДРАВООХРАНЕНИЯ И СОЦИАЛЬНЫХ УСЛУГ,Q,2023.0,0.04109348475092197
ДЕЯТЕЛЬНОСТЬ В ОБЛАСТИ ЗДРАВООХРАНЕНИЯ И СОЦИАЛЬНЫХ УСЛУГ,Q,2024.0,0.0474223303717956
"ДЕЯТЕЛЬНОСТЬ В ОБЛАСТИ КУЛЬТУРЫ, СПОРТА, ОРГАНИЗАЦИИ ДОСУГА И РАЗВЛЕЧЕНИЙ",R,2020.0,0.0178754203830969
"ДЕЯТЕЛЬНОСТЬ В ОБЛАСТИ КУЛЬТУРЫ, СПОРТА, ОРГАНИЗАЦИИ ДОСУГА И РАЗВЛЕЧЕНИЙ",R,2021.0,0.024863956112020528
"ДЕЯТЕЛЬНОСТЬ В ОБЛАСТИ КУЛЬТУРЫ, СПОРТА, ОРГАНИЗАЦИИ ДОСУГА И РАЗВЛЕЧЕНИЙ",R,2022.0,0.05290391649567312
"ДЕЯТЕЛЬНОСТЬ В ОБЛАСТИ КУЛЬТУРЫ, СПОРТА, ОРГАНИЗАЦИИ ДОСУГА И РАЗВЛЕЧЕНИЙ",R,2023.0,0.026429148344251998
"ДЕЯТЕЛЬНОСТЬ В ОБЛАСТИ КУЛЬТУРЫ, СПОРТА, ОРГАНИЗАЦИИ ДОСУГА И РАЗВЛЕЧЕНИЙ",R,2024.0,0.022762612301313063
